"Z" "Y1" "Y0" "x1" "x2" "x3" "ID" "D"
"1" 1 4.77498310253171 3.38862653548099 -1.21930370593044 1 0 1 NA
"2" 1 5.17233970926528 0.174258959934096 -0.288544050477279 1 1 0 0.315590739504782
"3" 1 22.0170118580306 11.1344482559681 0.998227902840569 0 0 1 NA
"4" 1 1.27283773232958 1.767183208076 1.03400539857143 1 1 1 NA
"5" 1 7.3346960122196 7.23604765260454 -0.376105207808198 1 0 1 NA
"6" 1 14.5899574753774 3.55309590297776 0.326150540128614 1 0 0 1.22429520816449
"7" 1 9.05975797625652 12.7277959703606 0.655524930991932 0 0 0 1.68329819816714
"8" 1 3.99012893038401 1.62467475189168 0.136976203828495 1 0 1 NA
"9" 1 2.8011880500645 26.2170649739983 0.898043606481333 0 0 1 NA
"10" 1 5.33458811617218 4.81705947176203 0.595639462241823 0 1 1 NA
"11" 1 13.4007725992438 9.63423670969348 0.513875623334565 0 0 1 NA
"12" 1 71.7990562298652 1.94733114243744 0.54541643897939 0 0 1 NA
"13" 1 1.36010511237873 1.70364754555076 1.55623239627167 1 0 1 NA
"14" 1 1.0041273594866 0.55724474509211 0.0829474011188744 1 0 1 NA
"15" 1 8.22122482713778 2.33682778488444 2.02785896777239 0 0 1 NA
"16" 1 14.8036921088379 6.37289212583554 0.276479643335979 1 0 1 NA
"17" 1 19.8921752564724 2.85625766972049 0.942501871064196 1 1 0 1.27901544608438
"18" 1 2.89177088386001 8.15386064541791 0.345800391069802 0 0 0 2.31394098598729
"19" 1 4.48763474992053 3.99648128429807 -1.67789870161559 1 0 1 NA
"20" 1 3.92228535079959 2.7906269666791 -0.592506042229762 1 0 1 NA
"21" 1 4.26176008114041 6.85281554218903 0.144809921309544 0 0 1 NA
"22" 1 14.3151918572551 7.94270185145955 -0.130395110619699 0 1 1 NA
"23" 1 9.46910733567737 2.39771221859167 0.159314590483992 1 0 1 NA
"24" 1 3.26468158992403 2.05924754904303 0.688682478332159 1 0 0 1.93265641703629
"25" 1 1.70039933232313 2.90492603487617 -0.391955832526108 1 1 1 NA
"26" 1 19.437379907813 22.9552161374005 -0.469696831650816 0 0 1 NA
"27" 1 12.1991499682978 1.54028012424801 1.74339105783685 1 1 1 NA
"28" 1 24.9046609440446 9.58402440461747 -0.451603680468085 0 0 1 NA
"29" 1 5.37146236419919 2.79422464514981 -1.25391661790273 0 0 0 1.25967378371907
"30" 1 27.7503681985785 23.7353391973262 0.372639866345922 0 0 0 0.951955750361594
"31" 1 13.0395728544902 12.5968698328901 0.826333860351052 0 0 0 1.24964553321174
"32" 1 2.06061785849256 1.11306191036525 0.0730492345895698 1 1 1 NA
"33" 1 13.3245363285412 15.6991266202687 1.42123004661549 0 0 0 0.651908617710453
"34" 1 6.77593339223613 14.1283268298861 0.219247315518021 1 0 1 NA
"35" 1 9.65162736638795 1.58050017333173 -0.201508459884634 0 0 1 NA
"36" 1 13.198202120035 6.16291205589781 -0.467532907573141 0 0 1 NA
"37" 1 4.35892510214395 6.50407531608085 -1.06947610589663 1 1 1 NA
"38" 1 7.18664235529935 16.9786946672066 -0.872778677150884 0 0 0 0.995208536644143
"39" 1 6.79330327151597 6.32762456754594 -0.710597710810107 1 0 0 4.65341825013061
"40" 1 5.60724090234537 1.79148651137003 -0.0279015236988214 1 0 1 NA
"41" 1 8.15358929881246 1.67498632505783 -0.327560499183652 1 0 1 NA
"42" 1 2.08891129967382 0.249544453162606 0.761507817828501 1 1 1 NA
"43" 1 2.50345332711963 23.5102229941872 -0.720555417396932 1 0 1 NA
"44" 1 7.62476272099607 2.42713332941531 0.868158282705593 1 1 1 NA
"45" 1 2.77343071088851 1.35871373106563 -1.28866115584751 1 1 0 0.874140782315367
"46" 1 10.8075821470369 2.72223954279599 0.753114060832248 0 0 1 NA
"47" 1 3.7620215241928 12.4970959415613 0.650941049771322 0 0 0 1.62528049285335
"48" 1 23.6412876858044 18.6562123379303 0.118016685423777 0 1 0 0.609941493071633
"49" 1 9.04478653795684 15.0771926444518 -1.15500333833361 1 0 1 NA
"50" 1 1.07250498667268 4.09916565293897 1.75761698452957 1 0 1 NA
"51" 1 9.91860054428 10.5689145030346 -2.00850984530614 0 0 0 6.0296241881203
"52" 1 6.41336427890368 3.73600935932811 -0.855924717714714 1 0 0 1.88371716334566
"53" 1 4.26013841412039 4.36523601760934 0.768350570272911 1 0 1 NA
"54" 1 15.282026115871 3.16768328332307 0.134858007976399 1 0 1 NA
"55" 1 3.27422419835015 4.21247770434911 1.91613106182515 1 1 0 0.341625612549898
"56" 1 21.781467285668 10.329448438823 0.387727325541749 0 1 1 NA
"57" 1 7.44165951965117 1.70883301848366 0.356029980434351 0 1 1 NA
"58" 1 1.04635676260856 0.204618733862088 1.71130241271612 1 0 0 0.476265794100204
"59" 1 8.44866084778819 22.5081848349893 -0.380349191073807 1 0 1 NA
"60" 1 13.4186000163899 1.58783868729766 0.34312140740359 0 0 1 NA
"61" 1 0.802818787692972 1.40146133120499 0.139996140580908 1 0 1 NA
"62" 1 3.2070336471615 2.50462044636226 -1.36600424473481 0 0 0 3.18053781918392
"63" 1 7.03803738788016 0.931877373571567 0.407968721500117 0 1 0 0.626815045992387
"64" 1 3.41809908068942 6.33231052012813 0.0436039645885822 1 0 1 NA
"65" 1 1.42452866181876 8.92695352001767 -0.0540469762803731 1 0 1 NA
"66" 1 2.34833505208187 8.50768873586887 -2.25058018015123 1 1 0 2.06589298114599
"67" 1 4.47376629355073 25.5203253515692 -2.13246318243529 1 0 1 NA
"68" 1 16.4936169229637 3.35134641543977 0.273335826818911 0 0 0 2.96188242748563
"69" 1 4.74224893290566 20.6540799186422 0.00406920543198464 0 0 1 NA
"70" 1 18.3814899304292 14.1840074110532 0.148944905211975 0 0 0 1.51176039691729
"71" 1 7.13931398066334 0.84886213557262 -0.154208027874177 1 1 0 1.07407122791834
"72" 1 4.79490380834425 18.9432066229637 -0.643633890003524 1 0 1 NA
"73" 1 9.23532732131588 4.12546532464824 -0.711646112303858 1 0 1 NA
"74" 1 15.5191294254509 11.8657508958537 0.590119849363204 0 0 1 NA
"75" 1 9.65960545285057 3.19056343348366 -0.609928442633459 1 0 1 NA
"76" 1 12.1383759330361 16.1308103505761 -0.0184173525585337 1 0 1 NA
"77" 1 6.86107140526884 3.81703260195699 -0.101897246297498 1 0 1 NA
"78" 1 5.63985973008549 4.80336051962062 0.485542206287656 1 0 1 NA
"79" 1 1.61013870647223 0.223749214534182 -0.883837716314163 1 0 1 NA
"80" 1 6.75395372377555 2.34803968214837 -0.600388574555127 1 0 0 2.29802080853297
"81" 1 8.18068372362264 3.67477485293136 -1.11533598025464 1 0 1 NA
"82" 1 3.981987568743 7.584291646552 1.85384413951284 0 1 0 1.4657248302118
"83" 1 4.9979353102732 0.960236462392929 -0.945619494710738 1 0 1 NA
"84" 1 5.65026937040799 0.664981009014158 -0.188606160887105 1 1 1 NA
"85" 1 4.46031905073297 0.149348536416424 0.799886818618162 1 1 0 1.12025493928617
"86" 1 2.82315036473512 9.80303271031068 -0.621564337044926 0 1 1 NA
"87" 1 11.5781973561612 0.540992578450681 1.53050476315418 0 0 1 NA
"88" 1 5.81047442678406 9.13163566087986 -0.175416671467558 1 0 1 NA
"89" 1 6.25290916314546 1.47910583665254 -0.924354284734294 1 0 0 5.63299127073291
"90" 1 7.66661922122952 1.58259624404312 2.13577108876839 0 1 0 0.829204166487532
"91" 1 8.98801379729785 0.652561768749951 0.120065741806325 1 1 1 NA
"92" 1 7.57489307271877 14.564423785268 -0.491845572243298 0 0 1 NA
"93" 1 8.94136844133306 6.50396451480016 2.2373555538732 1 1 0 0.623823748362115
"94" 1 12.579060524536 9.20131114343211 0.25192594601644 0 0 1 NA
"95" 1 2.59342441695731 3.33502841648441 1.34745077814501 1 0 1 NA
"96" 1 5.10220519255682 1.47152613320139 0.407373422738597 1 1 1 NA
"97" 1 11.0060693853168 3.670329024411 1.05841527191857 0 0 0 3.16259743151807
"98" 1 5.88432502382163 10.6679668852287 -0.112652784632143 1 0 1 NA
"99" 1 8.91983465927952 8.42394593367264 0.106845152500266 1 0 1 NA
"100" 1 11.1339700256892 12.0574819965279 -0.469047961225974 1 0 1 NA
"101" 1 19.7511362255253 4.39867906616991 0.717846329615415 0 1 0 2.03897016239248
"102" 1 14.552204917949 22.9355764707426 -0.740487901622044 0 0 1 NA
"103" 1 14.2246994122937 2.706257976667 -0.384247052801983 0 1 1 NA
"104" 1 2.88381929529275 2.09322154328349 -0.390957579950541 1 1 0 0.530421270411854
"105" 1 18.1914612681024 0.546592659061221 -0.281574308893748 0 0 0 1.31914538529539
"106" 1 9.13832301567239 18.5631070315209 0.314756114474839 0 0 0 2.45745491544978
"107" 1 10.416179257027 5.78567581430492 -1.0726025659577 0 0 1 NA
"108" 1 6.54396215610335 9.72461384849058 0.761451816879637 0 1 1 NA
"109" 1 25.1267381276851 8.14828281310086 -0.537660076284295 1 0 0 0.983826043412857
"110" 1 14.2512609909477 1.66935286486504 -0.657948189905828 1 0 0 4.34978978612466
"111" 1 25.353730389497 25.7123513817345 -2.04051567980398 0 0 1 NA
"112" 1 16.5786216817352 7.42923701132481 -0.148240382821583 0 0 1 NA
"113" 1 9.46786323782033 15.3723038243212 1.49807331568252 0 1 1 NA
"114" 1 4.74572609166785 16.8563622463268 0.334463824611691 1 0 1 NA
"115" 1 25.6100367044003 14.700517185494 0.271144290296738 0 0 1 NA
"116" 1 9.98065743777852 4.31844267820195 -0.765733062194666 1 0 1 NA
"117" 1 4.92178622803996 2.69643044180931 0.339004051758835 0 1 1 NA
"118" 1 1.46997718009898 5.68862070285386 0.68361787334155 0 1 1 NA
"119" 1 5.72132370391666 2.8571415052765 1.56103391209555 0 0 1 NA
"120" 1 5.8320356916218 3.45844333046068 2.60637843977956 1 1 0 0.379370154110396
"121" 1 39.5455936194401 1.82912967425576 -0.716198679225345 0 0 1 NA
"122" 1 12.7326539501463 1.58050926162971 -2.73366855718483 1 0 1 NA
"123" 1 2.0198081193249 5.00217218895647 0.882482512712984 0 1 1 NA
"124" 1 0.361312121118839 28.7615880331568 -0.704860146867751 1 0 1 NA
"125" 1 25.4534910270415 9.027528051146 -1.82121750915035 0 0 1 NA
"126" 1 0.81889046671908 1.7621818866966 -0.51354838897008 1 0 1 NA
"127" 1 5.78592886795912 3.43827590716324 0.909736212961835 0 1 0 1.03212785342787
"128" 1 5.16563000455904 0.440100059792454 1.10871436361159 0 0 1 NA
"129" 1 11.6136095345808 1.28722635601249 1.21792829775169 1 0 0 0.372298607087627
"130" 1 0.851636718942139 7.9414419439229 0.879690378717309 1 0 1 NA
"131" 1 13.4312509966704 3.81884974803806 -0.528475410841456 1 0 1 NA
"132" 1 8.58515448812515 4.19362143456385 1.39317450289711 1 0 1 NA
"133" 1 14.0777331858723 14.0677531572732 -0.665183263055389 0 0 1 NA
"134" 1 6.71889421221312 4.40173635419228 0.620888684611359 0 0 0 0.942143267845446
"135" 1 22.002062788678 6.50606836174149 0.0235825011861262 0 1 1 NA
"136" 1 2.03116508577784 3.10446414115424 0.197657820017494 1 0 1 NA
"137" 1 7.66291832965023 9.66880935929613 -1.48699494643992 0 0 1 NA
"138" 1 15.1377770083805 0.344852470869003 1.71858585299964 0 0 1 NA
"139" 1 6.12705534632463 8.17370188336025 -0.733511297528717 0 1 0 5.39238270183343
"140" 1 3.05201478915116 4.7061333561834 0.729582256109842 0 1 0 2.2163090167554
"141" 1 16.8845767049845 4.41898731007848 0.195165584035278 0 1 1 NA
"142" 1 2.53853156547791 9.8152593561803 0.0391260656666326 0 0 1 NA
"143" 1 5.49477191595436 0.634371530671666 0.078518594776074 1 1 0 1.32622820207984
"144" 1 7.53437281476649 1.66338390026764 1.35985241680672 0 1 1 NA
"145" 1 15.0127802994443 3.95526310535724 -0.18435273275282 0 1 1 NA
"146" 1 5.23057528318946 0.863062382059538 -0.352710165841953 1 0 0 1.44262330950528
"147" 1 7.03284319407072 7.99686505810086 -0.433446209007641 1 0 1 NA
"148" 1 5.95270898035474 0.162766980303603 0.276300803193416 1 0 0 4.05773128146509
"149" 1 2.59455113265247 0.579124963849143 -0.780185533677506 0 0 1 NA
"150" 1 1.79843054305532 0.384229403603633 0.264226748714307 1 1 1 NA
"151" 1 2.88214402615042 0.729946183210611 0.319737829903933 0 0 1 NA
"152" 1 5.05193241618421 1.11430021146759 -0.132785065005073 1 0 0 2.70600389096334
"153" 1 0.201766999698418 8.06249262794337 -1.99036604375137 0 0 1 NA
"154" 1 9.72838651400818 7.53855692185085 1.77318720492611 0 0 0 1.85958610928447
"155" 1 0.232286509955178 11.4735228777895 0.768155800249478 1 0 1 NA
"156" 1 11.5088046988891 0.279346855185474 0.415551818380408 1 0 0 3.03904116055084
"157" 1 16.3221625223918 0.883298827003374 0.111164198224157 1 1 1 NA
"158" 1 9.45196394386411 17.560313239844 1.04391070041318 0 0 1 NA
"159" 1 21.6342042398105 2.29047834197964 1.10738458606959 0 0 0 0.470668200683914
"160" 1 12.7768987699335 15.3772402372877 0.880330696512993 0 0 0 0.666653394066306
"161" 1 36.3001001345521 9.63229523442545 -0.359481439654468 0 1 1 NA
"162" 1 8.07277495429923 3.8113334232788 -0.956235177132038 1 0 1 NA
"163" 1 25.5793164858836 1.7595177333359 0.424289335621075 0 1 1 NA
"164" 1 8.59323644757339 8.67775280645034 -0.770530842564822 0 0 0 3.61576070184023
"165" 1 4.61978710249089 2.3993944285181 0.251111357488664 1 1 1 NA
"166" 1 30.8052591373573 13.2547227034735 0.301477658681002 0 0 0 0.783115882289544
"167" 1 10.6415875483326 7.12045486113092 0.319910719275508 0 0 0 4.46930063231463
"168" 1 16.4120468103765 11.3913882321256 -0.122526264766064 0 1 1 NA
"169" 1 51.5869949103878 12.4782403618011 -0.683986653696463 0 0 0 1.97832521585946
"170" 1 20.3182429183433 4.53613731464385 0.961002219133569 0 0 0 0.977300074708628
"171" 1 6.27563687288909 8.08213609038673 2.99627436305857 0 0 0 1.46001660785348
"172" 1 4.25371222618362 3.84609345944859 1.10708091566595 1 0 0 3.13383516750913
"173" 1 2.76179994438894 6.78838176117677 0.425868901847015 1 1 1 NA
"174" 1 2.70385435366757 9.4309363734443 -0.261820934157739 1 0 1 NA
"175" 1 2.91887701167521 1.34036572311137 0.563513490627513 0 0 0 1.76534514956756
"176" 1 7.76418517857786 10.1717354966046 -0.646259387555727 0 1 1 NA
"177" 1 0.336779028163641 6.01194537359975 -1.6993549469568 0 0 1 NA
"178" 1 8.24666039426739 27.5109438184084 0.293156217711678 0 0 0 1.46439151976887
"179" 1 2.02128654257758 6.82328974407931 -1.0909922871871 1 1 1 NA
"180" 1 3.09495376070168 1.58496561668699 1.87255455599042 0 0 1 NA
"181" 1 6.01351386395739 2.99132371315022 0.484333215073355 1 0 1 NA
"182" 1 5.30741455361023 9.41703323826484 -0.17499696647323 0 1 1 NA
"183" 1 32.9274919126471 34.7020980190106 -1.48472153983247 0 0 1 NA
"184" 1 3.89055897818261 3.76783483435555 1.53277170727325 1 1 1 NA
"185" 1 5.00795678409979 2.68820000358596 -1.0655570602611 1 0 1 NA
"186" 1 12.3718397704542 7.42839248477466 -1.15558943779152 1 1 1 NA
"187" 1 7.15035258582961 21.0256464732028 -1.66138169048782 1 0 1 NA
"188" 1 2.43935656719136 7.46748138549645 1.09389778434364 1 0 0 1.72003958873649
"189" 1 46.0441563074987 17.057551853974 -1.76379946878446 0 0 0 0.464364610627373
"190" 1 8.82404685819619 10.9021589897916 1.2692863772575 0 0 0 1.82649683212502
"191" 1 4.41219200949215 0.817391882662938 0.310448055643525 1 0 1 NA
"192" 1 1.4228039748699 0.877750531306593 -0.847976195994873 1 1 1 NA
"193" 1 10.6449068350311 6.03811184578013 0.824462014996847 0 1 1 NA
"194" 1 10.2576530104732 30.8442825347586 -0.73114109732051 0 0 1 NA
"195" 1 8.25978652687934 1.55664723406073 1.23526093915847 1 0 1 NA
"196" 1 2.82693528331222 4.97439712654934 -0.256139664853157 1 0 1 NA
"197" 1 2.60229680781735 0.169275867679695 -0.195972659131389 1 1 1 NA
"198" 1 0.979733302633683 0.764677602963539 1.41305813071274 1 1 1 NA
"199" 1 4.54576918679326 0.538369822671514 -0.245654432049257 0 0 1 NA
"200" 1 6.39542041659107 6.07007562442552 -0.181698024243993 0 1 0 0.589040863626433
"201" 0 1.42481408921562 5.71927285013965 0.165255365510422 0 0 0 1.33315295588174
"202" 0 2.37985362714123 5.39203375669848 0.0778046226948478 0 0 1 NA
"203" 0 18.636395771495 3.16211627864609 -0.85056922412371 0 1 0 2.75127202618845
"204" 0 1.8600207496569 0.332742748498129 1.33749847843278 1 0 1 NA
"205" 0 16.3230020191359 27.1293667418678 0.0792241876849814 0 0 1 NA
"206" 0 0.696347508306728 0.481594981567843 -0.0565341383998397 0 0 1 NA
"207" 0 14.1554841844854 1.65632395839458 -1.59252929657507 1 0 1 NA
"208" 0 16.3092022731014 4.30544889348901 -1.56257336353184 1 1 1 NA
"209" 0 0.605702211325829 0.818510148130012 1.20991976964029 1 1 0 0.540300418091569
"210" 0 10.6951557217457 8.93040465728294 -0.731586224997224 1 0 1 NA
"211" 0 5.80088385796804 1.07472190672351 -1.62217869265077 1 1 1 NA
"212" 0 38.9516053038271 2.6757249794402 0.631862212078355 0 0 1 NA
"213" 0 14.6170242523841 1.3857295392587 0.468761886912837 1 0 0 0.754659667211881
"214" 0 15.8976010323807 3.90925260612008 1.0852030219406 0 0 1 NA
"215" 0 3.48314289787777 2.02895656430482 -0.0438138094995963 0 1 1 NA
"216" 0 10.8821772342377 2.19524807829336 -0.485708780240871 0 0 1 NA
"217" 0 4.54059383682508 2.00504913045124 -0.474080051066943 1 1 1 NA
"218" 0 14.7429804513623 10.9535946112654 0.778494920851714 1 0 1 NA
"219" 0 20.378397749624 0.60381397824259 -0.235256155479635 1 1 1 NA
"220" 0 3.81154147027673 12.6187110419009 0.283362836840475 1 0 1 NA
"221" 0 14.0860450582677 10.1770413223294 -1.34306235908295 0 0 1 NA
"222" 0 10.5576928250019 7.02148082732598 0.772679945364314 1 0 1 NA
"223" 0 2.04567525316838 6.23185191913971 0.408602009615661 1 0 1 NA
"224" 0 17.9493482420461 0.297481851876958 -0.759619810598966 1 1 1 NA
"225" 0 14.9454997460231 13.8807961810822 -1.03490584465575 0 0 1 NA
"226" 0 13.1704024877888 2.44655599904645 1.45583866938193 0 0 0 1.70834213967689
"227" 0 6.50653451777287 0.0587785138876802 -1.14533085487479 1 0 1 NA
"228" 0 26.8542065386806 7.04862793331115 0.119504130110307 0 0 0 0.476432617690455
"229" 0 41.6048546455121 30.5467245430607 -1.55159920788771 0 0 1 NA
"230" 0 11.0634661538409 3.03994966586286 0.410753493539783 1 1 1 NA
"231" 0 18.4945960712289 15.7268318945955 0.356271548162292 0 0 0 3.49488705427705
"232" 0 4.81513618989898 0.433390930187752 1.69800252188088 0 1 1 NA
"233" 0 1.9801820692691 10.8699488132115 -0.3752968835658 1 0 1 NA
"234" 0 6.73464302290103 2.55502305128136 -0.392386553080631 0 1 1 NA
"235" 0 7.99240997571256 4.02330039913046 -0.0958872441388934 1 1 0 1.02133675277425
"236" 0 20.0410206896853 1.56657068406481 -1.24032743958132 1 0 1 NA
"237" 0 5.412959974962 8.83991006396515 -1.01906245582933 1 1 1 NA
"238" 0 6.64658940957107 14.1977239636383 -1.17252404606784 1 0 1 NA
"239" 0 7.57251398531599 14.7128714044935 0.119194226653508 0 0 1 NA
"240" 0 4.35640428226196 4.26287400725328 1.4927316126805 1 0 0 0.911114014615478
"241" 0 9.74845231602588 2.51318313157869 0.674488071684469 1 1 1 NA
"242" 0 5.42826326232593 0.0686097504178548 0.176010429508011 1 0 1 NA
"243" 0 10.7917301791595 5.57154784084758 0.0663501169104727 1 0 1 NA
"244" 0 7.40500605914996 3.48109884340085 0.109319040065945 1 1 1 NA
"245" 0 20.6920153695553 9.79041925037868 0.401359894035741 0 0 1 NA
"246" 0 9.42549943587176 2.11389658158566 0.951308584432261 1 0 1 NA
"247" 0 12.3998982390705 6.36670576333649 -0.675192741704213 0 1 1 NA
"248" 0 2.71078714308112 21.1849857901587 0.525994249216825 0 0 1 NA
"249" 0 1.34834429018336 0.600093235737837 1.71501376960909 1 1 1 NA
"250" 0 5.4955604850028 8.52111382772386 -0.905812701916346 0 1 1 NA
"251" 0 9.43893633679701 3.72417848024894 -2.16786922426651 1 0 1 NA
"252" 0 3.37301512302031 0.384335988113215 -0.136830806787704 1 0 1 NA
"253" 0 13.328911998181 0.540613861549425 0.837772257797639 1 0 0 1.14732872558495
"254" 0 10.5146862884632 4.8848405172221 0.914971897477707 0 0 1 NA
"255" 0 4.24079901807466 0.34990832656066 -0.683088645408225 1 1 1 NA
"256" 0 10.1129162986729 5.38947183783969 -0.563262365792995 0 0 1 NA
"257" 0 9.12122993688299 8.23148624582354 -0.532493745268462 1 0 1 NA
"258" 0 15.1473403473478 6.86052465700715 1.16126444431239 1 0 1 NA
"259" 0 8.13867273342954 4.0268076040377 0.236497447753222 1 0 0 1.71850419918329
"260" 0 6.86486099220478 5.90377840830316 1.26593278386321 1 1 1 NA
"261" 0 5.10230075022491 0.117752160240231 0.58278829598182 1 0 1 NA
"262" 0 2.32862335498392 0.915811574574478 -0.0102222347671909 1 0 1 NA
"263" 0 7.68813941542653 20.4635455490791 -1.23340777775079 0 1 1 NA
"264" 0 6.82119939343493 7.92037309173516 -0.236069859884561 1 0 1 NA
"265" 0 10.2840376473955 4.65565705707177 0.980373818167168 0 1 1 NA
"266" 0 13.8694335532469 32.9302006678278 -1.17580168120256 0 0 1 NA
"267" 0 0.389051560695191 2.07391882611619 -0.439648201105079 1 1 1 NA
"268" 0 30.4727720150821 10.5567220426011 1.15284751569721 1 0 0 0.545808104042867
"269" 0 7.50559955377817 6.30673797973927 -0.381302113566404 0 0 1 NA
"270" 0 7.46005996924278 1.76546656599668 0.589248717825283 1 0 0 2.30226815247434
"271" 0 23.742626541896 14.8379563556243 -1.3954602916549 0 0 1 NA
"272" 0 15.3188083339698 18.0645642499976 -0.348767944472718 0 0 0 0.780256221090791
"273" 0 1.66226722599228 4.91482255282184 2.07647057884414 1 0 1 NA
"274" 0 5.04635288574901 7.30868029882273 0.998159591451861 0 0 1 NA
"275" 0 7.43646574086103 0.439068046417431 -0.453635275901631 1 1 1 NA
"276" 0 4.25591986624735 4.42965697823536 0.215259994890999 1 0 1 NA
"277" 0 3.7843913065291 0.845218242006485 -0.510251292726446 1 0 0 2.14150598960576
"278" 0 2.17367222539423 5.3043432062863 0.721115724125397 1 1 1 NA
"279" 0 1.46286707374091 0.05389816848027 0.116604304288843 0 1 0 1.06649867746729
"280" 0 22.5345468353214 10.0132718010638 -0.455121713207914 1 0 1 NA
"281" 0 4.80578413307614 5.26562240528092 -0.395710735639436 1 0 0 1.87445252205087
"282" 0 11.1937232643556 3.32769809389039 1.8198226787639 1 0 1 NA
"283" 0 12.2940281481856 16.7944149898433 -0.401390486146085 0 0 0 2.72745648711174
"284" 0 11.4359120246681 7.94863461683386 -0.198714069039379 1 0 1 NA
"285" 0 13.3755059192052 5.88120523661207 -0.819192664083511 0 0 0 2.88421284770101
"286" 0 7.48903552844092 2.18524103857703 -2.35437658472203 1 0 1 NA
"287" 0 1.71672185892957 7.9465101412058 -0.0661015548365677 0 0 1 NA
"288" 0 12.4347795753489 2.20250981626925 -0.71371525490328 0 0 1 NA
"289" 0 7.38473984015273 17.9633889188736 0.076610622904563 0 0 0 1.96050140043181
"290" 0 5.6544747526019 2.22494090631033 0.461385313229261 0 0 1 NA
"291" 0 3.62818034157329 9.86749543527239 -0.0258547659392618 1 0 1 NA
"292" 0 1.9850989651122 6.25811543905758 -0.491748926186999 1 1 1 NA
"293" 0 28.5361871609798 33.7901055738777 0.9743201219941 0 0 0 0.470840671323383
"294" 0 2.64613292990925 2.85309809637955 -0.594032177316257 0 0 1 NA
"295" 0 5.87098399697491 9.24735448724735 0.711849323467053 0 0 0 1.3230590019495
"296" 0 4.7242526428246 4.69074291293756 0.993497125863277 0 1 1 NA
"297" 0 15.4358387120195 0.0292876257502065 0.129368229003022 0 0 0 3.31533615126461
"298" 0 2.96215890666388 2.69709688440328 0.317629365769644 0 0 0 1.96076318431471
"299" 0 14.16879727857 5.37148841538304 -0.353838304214767 0 1 0 2.62992306670184
"300" 0 15.8164210828985 4.98775856235737 0.872981976046442 1 0 0 1.17890285810882
"301" 0 2.11800288351632 1.67026436784864 0.578924116007864 1 0 1 NA
"302" 0 2.23166649181957 3.83725864036715 0.750564480137572 1 1 1 NA
"303" 0 10.0405773940852 8.76085694784077 -0.104325863304476 1 1 1 NA
"304" 0 8.17678665037586 6.68558652010191 -1.1365288349368 1 0 0 0.576215235253361
"305" 0 3.16327508122757 3.07606180065025 1.61017460399593 1 1 1 NA
"306" 0 39.4215021026133 10.9853643992918 -0.0471328413746072 1 0 1 NA
"307" 0 1.07180734905962 6.45995873451948 -1.82500454998073 1 0 1 NA
"308" 0 11.9524751646857 1.72962623578355 -0.938809788371459 1 0 1 NA
"309" 0 4.51436436635466 0.837956627475829 1.31600446194671 1 0 1 NA
"310" 0 8.58468909221067 7.0748155382833 -0.220852351537336 1 0 1 NA
"311" 0 5.27655737389698 5.32211111833559 -0.503534771251141 0 0 0 2.67137212813058
"312" 0 18.4920450624802 11.3196002726878 0.950119211601736 0 0 1 NA
"313" 0 23.9339473908936 12.6821393663449 0.132925031873943 0 0 1 NA
"314" 0 22.1313761873502 5.59358400297471 -1.16904714052071 0 0 1 NA
"315" 0 6.82605308505863 1.53990699053435 1.16067568086454 1 0 1 NA
"316" 0 14.0974310094595 1.99599241310415 1.21299338605084 0 0 1 NA
"317" 0 6.85572329480713 10.3377939982163 0.327083901252178 1 0 1 NA
"318" 0 1.97418829498383 15.5097504573088 -1.02278864452424 1 0 1 NA
"319" 0 7.32811793911585 5.28962682183517 0.0775296659416333 1 0 1 NA
"320" 0 0.566001857219167 0.0540080022949565 1.92407208964939 1 1 1 NA
"321" 0 25.7969882081825 9.69434852042768 -0.338670013197206 0 1 0 0.436538064910649
"322" 0 8.7164837012494 3.35570435694313 -0.333712840092961 0 1 1 NA
"323" 0 0.568543159096558 10.6213563596552 0.774836017127794 0 0 1 NA
"324" 0 8.37273191159004 2.39947494882641 -0.531386787484417 0 0 0 1.46391096645889
"325" 0 4.41531312195745 7.91533350204809 0.147233924840824 0 0 0 0.429617667811436
"326" 0 8.89800288526141 0.815854892225506 -2.1248840742898 1 0 1 NA
"327" 0 11.0074396064999 17.5910960753711 -0.460309323299078 1 0 1 NA
"328" 0 3.35753735792039 5.75218305661903 0.049451318772939 1 0 1 NA
"329" 0 15.5739436575673 2.14238611707869 1.31311876790838 1 0 0 2.2316026313396
"330" 0 38.9693058982864 6.32854150002414 -1.43878988424986 0 0 1 NA
"331" 0 16.7397546472219 7.96728158995735 -1.71640675577958 0 0 0 4.80973740780691
"332" 0 0.331431816966996 8.77326111967644 0.212242053801573 0 1 1 NA
"333" 0 9.02709738009774 2.27960205785289 -0.206739835902206 1 1 1 NA
"334" 0 2.15575161150761 0.996909348126289 2.09937585380839 1 0 1 NA
"335" 0 9.19436460481475 0.52160373015559 -2.44809009020013 1 0 1 NA
"336" 0 1.72631533491506 8.9131177981367 0.803304318484269 0 1 1 NA
"337" 0 5.08881387743642 4.47890829308364 1.75800702377145 0 1 0 2.0677365404483
"338" 0 17.0665878228553 2.9488487531708 0.204576203636407 1 0 0 1.56068878087914
"339" 0 6.66391924146725 4.36677309189965 0.324014696446431 1 0 1 NA
"340" 0 20.010413756437 2.65588814067929 -1.89573323360684 0 1 1 NA
"341" 0 12.269813817656 3.86404560855414 -1.56758922429621 1 1 1 NA
"342" 0 2.77065535362249 2.22094280764517 -2.13701973451458 1 1 1 NA
"343" 0 7.2144194584199 8.22328533130729 -0.353229666910517 0 0 1 NA
"344" 0 16.1148531733715 9.70750401010803 0.110763011840009 0 0 1 NA
"345" 0 11.3750797208246 33.7949667158294 0.591094451295375 0 0 1 NA
"346" 0 14.706054753655 0.0384062869555815 -1.15176557562428 1 0 1 NA
"347" 0 1.75674446622479 6.35015003950859 0.129863656416067 1 0 0 1.51257969107747
"348" 0 6.60930715202971 3.3417021231976 0.963941874669316 1 0 0 0.686291597741291
"349" 0 2.74098035692399 4.3387857180743 0.573338471779601 0 0 0 1.36545162042665
"350" 0 0.666143294058277 0.881681078125167 -0.407402937497579 1 0 1 NA
"351" 0 12.5172895999048 5.83109954346387 -0.699762665848564 0 0 0 2.65112510345593
"352" 0 11.2212309360008 2.16384276635402 -0.0332553006241936 0 0 1 NA
"353" 0 24.3950693284346 32.9522941978229 -0.253809037494203 0 0 0 2.6655434848795
"354" 0 25.7106403842755 0.906751713709986 -2.02517325162939 1 0 0 3.42860280238006
"355" 0 12.7070709789836 2.54005507001578 0.7194567923055 1 0 1 NA
"356" 0 9.99611970714283 7.67297096038345 0.573450795359819 0 0 1 NA
"357" 0 4.22467990724267 1.70033633355977 -1.18146771128618 1 1 0 3.171173080027
"358" 0 3.15445346461749 13.3923970142658 -0.914904429584507 0 1 1 NA
"359" 0 9.87856685427438 4.43800076185402 0.454239969492861 0 0 1 NA
"360" 0 5.10973102057535 3.59574364705111 1.21938009155783 1 0 1 NA
"361" 0 3.16417243924891 3.53433142826922 0.341983314236949 1 1 1 NA
"362" 0 6.69537871850353 16.3700922036535 0.898743071282023 0 0 1 NA
"363" 0 36.5879153424142 1.36642862613653 -0.251937999049525 0 0 1 NA
"364" 0 6.60641211067115 1.6164321340973 -2.30218082329088 1 1 1 NA
"365" 0 11.1819451099035 3.13878850332466 1.0252631206013 0 0 0 1.47098510668994
"366" 0 10.2566894236013 0.690896791840929 -0.257352246019102 1 0 0 1.39838802779654
"367" 0 25.5486431232566 28.1243043691971 -0.279919993149922 0 0 1 NA
"368" 0 5.72457290046699 9.50063845862787 1.486730328714 0 1 0 2.66144510360625
"369" 0 6.69318064389514 11.145544103458 -0.252121809470255 0 0 1 NA
"370" 0 28.5002033189116 13.2818062352841 -0.547950171431966 0 0 0 0.870205992650032
"371" 0 4.53912312090467 1.23744546352514 0.35146069581314 1 1 0 1.1194219655678
"372" 0 7.5575391485267 10.4380203017794 -2.17059900099555 0 0 1 NA
"373" 0 13.701708405605 1.62757243519911 -1.49164134325241 1 0 1 NA
"374" 0 1.76489976386016 8.94743343701016 0.564982217484521 1 0 0 0.78771717130302
"375" 0 7.57279809045324 4.67983796191225 -0.636971229286181 1 0 0 2.41921169660008
"376" 0 9.17374354635614 5.71291121811501 -1.5671218895081 1 0 0 3.85596556057239
"377" 0 7.31179360402941 11.1831139225838 -0.388286705926899 1 0 0 2.57480575149839
"378" 0 3.38559575860677 5.94530037367189 -2.90191455967918 1 0 1 NA
"379" 0 2.42208435739847 8.06510166295122 0.589864933558207 1 0 0 0.572222321729708
"380" 0 8.72101044465277 8.2580335191647 1.97852626724674 0 1 1 NA
"381" 0 18.0836118134837 12.1666864517102 -0.765721824313936 0 1 1 NA
"382" 0 2.13476577699944 0.295848932301655 0.360096086723299 0 0 0 1.82868813586713
"383" 0 2.35422745007331 0.993348564021752 0.798858680735656 1 0 0 1.42376356308774
"384" 0 5.59026133194817 2.21132975282384 -0.479528621936541 0 0 1 NA
"385" 0 1.47330651062936 0.999183763891889 -1.02820969802864 1 1 1 NA
"386" 0 11.7188311529165 20.4406140556229 -2.21038742195914 1 0 1 NA
"387" 0 2.19778994968744 0.70767678831509 -0.0419133898506468 1 0 1 NA
"388" 0 1.55193758519826 1.94653000586437 -0.0546663914065655 1 1 1 NA
"389" 0 28.1107756691987 9.57360113325556 -1.38991873806212 0 0 0 5.17631270134039
