"Z" "Y1" "Y0" "x1" "x2" "x3" "ID" "D"
"1" 1 5.2303835036337 7.96972240480634 0.0629443759243981 0 1 1 NA
"2" 1 7.15892792259967 2.46212247613102 -0.113068679124638 0 1 0 2.54660961041209
"3" 1 10.1108349627924 2.32053155579655 1.0159632000648 0 1 1 NA
"4" 1 3.37111154957003 1.42740821441917 1.64008531887206 1 0 1 NA
"5" 1 13.8005309009679 5.37445770088326 0.860700901727513 0 1 0 0.911694433057524
"6" 1 7.02773001890738 8.75782728953665 -0.00116636986303033 1 0 1 NA
"7" 1 9.87083149894641 5.24760689967304 -0.836487405720482 0 1 1 NA
"8" 1 4.89199625979789 19.6006103793074 -0.20075447769486 0 0 1 NA
"9" 1 12.8129579985443 5.46881063531411 0.117519557345883 1 0 1 NA
"10" 1 9.77972723434944 7.22111011576845 0.502362986034178 0 1 1 NA
"11" 1 1.1119358319874 5.19689597185665 -0.470611572692572 0 1 1 NA
"12" 1 21.8476548286035 15.8547806307115 -0.198645929281631 1 0 0 0.987913738299252
"13" 1 6.20417377764258 0.703327779744929 0.730850418155139 1 0 1 NA
"14" 1 1.9139946086798 1.82960076883471 -0.122222373742013 0 0 0 0.93350571050181
"15" 1 1.49641487585758 16.4047515919316 0.674673310747591 0 1 1 NA
"16" 1 12.4039643444614 13.7062962379732 0.235732945475327 1 0 1 NA
"17" 1 4.36823991540304 10.4760667474847 -1.31085641883373 0 0 1 NA
"18" 1 16.1685069489325 8.05457772308692 0.364033627237454 0 1 1 NA
"19" 1 15.075370540656 9.59238413877129 -0.249807127006342 0 0 0 2.32051344955902
"20" 1 1.34353586245357 10.5310338228106 1.35537703787392 0 0 1 NA
"21" 1 6.67252365388975 6.24073801600019 -0.233191166392387 1 1 0 2.40561127021981
"22" 1 7.19238748396548 0.524370344573388 -0.476123441382726 1 0 1 NA
"23" 1 11.7677643250737 14.8991339753154 0.0821405779922461 1 1 1 NA
"24" 1 7.61809358246558 25.7065872684406 -2.75266384516997 0 0 1 NA
"25" 1 2.60077874275584 0.497081271415629 -0.180215849613986 0 1 0 0.512285801328043
"26" 1 17.0825901086973 32.2222777335596 -0.325614848544874 0 0 1 NA
"27" 1 27.1341624002664 5.76872601379969 -1.18769669989467 0 0 1 NA
"28" 1 4.12271497737646 4.57317219989322 -0.889399152388508 0 1 0 2.4188340814861
"29" 1 14.582661589193 10.8931707983547 0.646568678305973 0 0 0 3.04749327077566
"30" 1 0.787212528670177 6.64269695217159 0.923920308081322 0 1 1 NA
"31" 1 9.31766259915456 18.4203653444868 -1.80919520133841 0 1 1 NA
"32" 1 16.4864731985545 5.32597402129008 -2.20960219393376 1 1 1 NA
"33" 1 4.6127118137906 4.19715724642896 -0.786238282950356 1 0 1 NA
"34" 1 4.87915512751859 17.9473515601541 -0.762530759824443 0 0 1 NA
"35" 1 15.323806600427 2.60817062450835 -0.379207340845448 1 0 1 NA
"36" 1 7.19692877083663 0.332380289362307 -0.690177120810327 0 0 1 NA
"37" 1 5.61097534560639 2.12933523429706 0.215054478910058 1 1 0 4.92745854293034
"38" 1 2.2621426107378 3.88792472161044 0.407222359545171 0 1 0 1.01478935660155
"39" 1 6.41872501292966 11.7010152247714 -0.927879053059889 1 0 1 NA
"40" 1 5.48836114171389 35.9257283509734 -0.669585321029954 0 0 1 NA
"41" 1 8.02095370144458 18.5222559634238 -1.43935196137883 1 1 1 NA
"42" 1 2.03954307384001 6.52400902572453 0.90708408069148 0 0 0 1.56219529813693
"43" 1 23.1214496242983 10.6784729653569 1.33815183092702 0 0 0 0.590987715555273
"44" 1 8.62380639428549 5.42196298839824 -0.00371748281972732 1 0 0 1.38040520718081
"45" 1 5.81154259365416 10.7141284527814 0.473300690600878 1 0 1 NA
"46" 1 8.3365172916334 5.19593876801607 0.485875977668001 0 0 1 NA
"47" 1 34.6554165399137 18.6896721925599 -1.14154938159044 0 0 1 NA
"48" 1 6.08526952824262 19.3506258931596 0.58684821026997 0 1 1 NA
"49" 1 18.8521071351765 2.66561374517196 0.571511754481043 1 0 0 0.335228581011286
"50" 1 25.9482160241775 8.77958086258386 -0.959561856266896 0 0 0 2.08947923619155
"51" 1 4.90222299094905 5.2440156717334 1.10578545076985 0 0 0 4.03329899185157
"52" 1 8.51675448797158 2.47093168880164 -0.144478401182807 1 0 1 NA
"53" 1 3.11873576766171 0.776650285081019 -0.128097336389864 0 0 1 NA
"54" 1 6.18761485115945 5.24190389683577 1.10654119312287 1 0 0 2.188604928219
"55" 1 12.9302836758236 20.6780061888318 -1.4127775798531 0 0 1 NA
"56" 1 1.48641099617244 11.7710072579788 -0.10225400615936 1 0 0 0.228938602610807
"57" 1 6.1104547181387 5.22860522649108 0.00313899614771175 0 0 1 NA
"58" 1 5.1105144222744 4.37152386766391 0.180775911060117 1 0 0 0.321988524992116
"59" 1 65.8230937775463 38.990386706732 -0.903645730555726 0 0 0 2.17668026752367
"60" 1 7.3329907047539 2.62618163568188 0.866907252378886 1 0 0 0.877263836954226
"61" 1 25.1983734488831 17.8755674987429 -1.0872353389458 0 0 1 NA
"62" 1 3.92578871275588 10.2375470362839 1.55226974147811 0 1 1 NA
"63" 1 45.1361926979918 4.74040000291283 -0.215351494997048 0 0 0 2.97727835316047
"64" 1 0.535062552539342 2.64059951119778 0.0748789930452055 1 1 1 NA
"65" 1 15.3303392405197 9.97078223385576 0.11531727744418 0 0 1 NA
"66" 1 5.2249753969027 10.1240724175072 0.338659138021025 1 0 1 NA
"67" 1 13.2352836301957 10.6756248671719 -0.757156915262326 0 0 0 0.98329501290247
"68" 1 0.0970570882120842 5.47060135784329 -0.0157878479688954 1 0 1 NA
"69" 1 3.25840903545142 8.3790299224837 -0.177678358483238 1 0 1 NA
"70" 1 23.266120880028 4.96274404430792 -1.16845371593989 0 1 1 NA
"71" 1 4.8476334128233 16.733730625816 0.138763113143687 0 0 1 NA
"72" 1 7.41953894141913 13.9734753615617 0.414112195277722 0 1 1 NA
"73" 1 14.9315678376061 6.5135062483076 1.17471904609588 0 0 0 2.60850860554726
"74" 1 1.97692988181688 11.1652519842508 0.240270547822882 1 0 1 NA
"75" 1 5.4430548704244 4.59390434854387 0.0467280468052702 1 1 1 NA
"76" 1 21.1560803569369 1.96388422972235 0.157903392750299 0 0 0 3.20611622358728
"77" 1 11.7751329377063 3.29827210272319 0.354522527622911 1 1 1 NA
"78" 1 5.32521269040976 10.8865297873884 -0.852775856468265 1 0 1 NA
"79" 1 13.2008391085497 14.0761888902705 1.48699346759638 0 0 1 NA
"80" 1 1.51757469344625 13.4375987610974 -0.343182235303266 1 0 1 NA
"81" 1 10.1814971322196 15.3255451398989 -1.27869726773644 0 0 1 NA
"82" 1 33.8350807594377 9.07615474982988 0.620486766261459 0 1 1 NA
"83" 1 4.00465778780473 11.8915958412388 -0.104849423727327 0 1 1 NA
"84" 1 3.43657484094049 3.52037093689401 -0.34486045615701 1 0 1 NA
"85" 1 10.3660420312501 4.89832157076909 0.780675003179486 0 1 1 NA
"86" 1 7.23619589455905 9.34946321811087 0.0784116474279463 0 1 1 NA
"87" 1 1.40250505960249 1.3007742264195 -0.168325683977914 1 0 0 0.585945591724961
"88" 1 46.6009414322002 9.35231537461207 -0.644689850457572 0 0 0 1.65241782736501
"89" 1 7.00181877061685 4.00597678233858 -0.568110218549441 1 1 1 NA
"90" 1 11.767740518425 4.36514649658417 1.57105176004837 0 0 0 1.12773364112924
"91" 1 24.5716769651301 12.3971818464632 -0.94372233121679 1 0 1 NA
"92" 1 7.14800034289799 9.8199703783804 -1.16232377540924 0 0 1 NA
"93" 1 30.2924690447652 3.46112413191834 0.514984271620705 0 0 1 NA
"94" 1 14.1423291539559 4.47089328353347 -0.820159761088974 0 1 1 NA
"95" 1 26.4600677249289 4.48635890718047 2.33642150707714 0 0 1 NA
"96" 1 7.72431347213496 10.1990801243877 -0.473466723531779 0 1 1 NA
"97" 1 1.96847580632981 0.142531146681303 1.00012746086448 1 1 0 0.577360240774969
"98" 1 3.631370109833 1.65951971090953 -0.598454702603583 1 0 0 1.98120106053094
"99" 1 15.9984761785206 5.77885580239596 -0.289977123770419 1 0 0 3.3388404796829
"100" 1 0.530617472952562 5.81760460195027 -0.405137326861225 0 0 1 NA
"101" 1 2.8001625349182 6.02729304300913 1.06519578380077 0 1 1 NA
"102" 1 0.487185073858591 1.93412980377709 1.67705640213542 1 0 1 NA
"103" 1 3.11091494567093 2.97082269050476 0.0724433685251237 1 0 1 NA
"104" 1 4.16346906228854 5.59563897700661 1.07637001759014 1 0 1 NA
"105" 1 13.2316171686357 9.941172950022 -1.04827704585644 0 1 1 NA
"106" 1 1.4487959241115 5.27382617312765 -0.69321081953231 1 0 1 NA
"107" 1 7.58943691791776 9.54362896607501 -1.65326014053795 1 0 1 NA
"108" 1 4.04973259711021 12.5545219058222 -0.559299590921442 1 1 1 NA
"109" 1 4.06720314433726 7.11850333770472 1.33176944895163 0 0 1 NA
"110" 1 10.5036856790468 5.29831238425496 -0.36759279389579 0 0 1 NA
"111" 1 20.8481020939528 2.68185122310244 1.15980868411574 0 0 0 1.62213871582052
"112" 1 30.9019566837237 5.42846966162968 -1.22226491595672 0 0 1 NA
"113" 1 18.5053917466661 4.41044590632386 0.0856606722600553 0 0 0 1.19149365568528
"114" 1 5.11103952391708 3.96005040469206 0.760048109401145 0 0 1 NA
"115" 1 23.6362770907361 13.3555709834361 -1.96141404590003 0 0 1 NA
"116" 1 9.76050450811316 2.03527805244206 0.641216520167934 1 0 1 NA
"117" 1 3.02799089479742 1.20144366224356 0.783322253238953 1 0 1 NA
"118" 1 18.307634266256 13.6084775281127 -2.60179255930567 1 0 1 NA
"119" 1 3.95364951276794 0.754480718334524 0.620116927034036 1 0 0 2.89583992923408
"120" 1 3.42157081041977 1.64517969150603 2.26172388105209 0 1 0 2.68143028103569
"121" 1 3.47986663984621 5.1696334112667 1.32596883570421 1 1 1 NA
"122" 1 4.80777096424094 2.33504442739329 1.95211283109338 1 1 1 NA
"123" 1 37.3277322957516 17.4069183392825 -1.2526275629668 0 1 0 0.237214202031911
"124" 1 9.32536478035217 2.5444030472025 1.99576731086824 1 0 0 1.10036891117602
"125" 1 19.8620865238015 2.10922658522245 1.42616252690429 0 0 0 1.58049819502753
"126" 1 6.38606240174711 0.104849862204539 0.206805968968986 1 1 1 NA
"127" 1 3.47969262035754 13.9906601297253 0.222379830970103 1 0 1 NA
"128" 1 2.47072184485005 1.73267386984353 0.0692453022634804 1 1 1 NA
"129" 1 1.25981332844595 1.56409308111983 0.927848923259633 1 0 1 NA
"130" 1 4.30680740870295 13.2401743580544 0.310889092351887 0 0 1 NA
"131" 1 4.18693297202265 0.326783371988191 0.523303966461867 0 0 0 4.04224425899103
"132" 1 14.6124800357683 11.4906270517929 0.457246852276508 0 0 0 1.78752767516405
"133" 1 5.9018515735674 3.478521657863 1.11889314561386 1 0 0 3.00472361815244
"134" 1 18.3884187333768 11.0908968273489 1.01742814343293 0 0 1 NA
"135" 1 7.39043059571432 4.73827644742046 0.488417467670227 0 0 0 3.23322779652841
"136" 1 24.0080875396121 17.978030502819 -0.952117168886743 0 0 0 0.957789516491938
"137" 1 13.9194253765864 7.23846935224609 0.0650640933778507 0 0 1 NA
"138" 1 15.9580790550026 2.13083823662473 -1.05996651189912 1 0 1 NA
"139" 1 2.19170441268003 9.65923163008355 0.366607672434416 1 0 0 0.972016683287387
"140" 1 18.0544439450937 6.0826863470397 -1.46395506106068 1 1 1 NA
"141" 1 5.29378801834117 0.714843015737906 -1.63218298024535 1 1 1 NA
"142" 1 7.76973913017677 5.85791581349083 -0.61248226183207 0 1 1 NA
"143" 1 18.3784208606927 8.14982632595271 -1.87888743795916 0 0 0 1.86730556988957
"144" 1 10.876972143441 24.6610775543771 -0.74309523520273 1 0 1 NA
"145" 1 26.4951972430165 2.7115509310804 -0.0922546290482447 0 0 0 4.10801403005343
"146" 1 5.74185455525587 2.9723783049505 -2.50970444473237 1 0 0 0.787262306967466
"147" 1 25.7358301210795 42.6748596232832 -1.24075786893693 0 0 1 NA
"148" 1 2.39317207697942 6.27518548942429 0.616334121955872 0 1 1 NA
"149" 1 6.85696436457283 3.40432202042711 1.32028426583861 0 1 1 NA
"150" 1 13.78950804093 13.6448146149718 -1.60305236775522 0 1 1 NA
"151" 1 7.81056321823781 4.31642149640153 0.32739059550389 1 1 0 2.77277541763862
"152" 1 5.73970342859743 10.1069986273776 -1.20100835016706 0 0 1 NA
"153" 1 13.6058961115323 6.10042165341657 -0.100048134819136 0 0 0 1.84708429143351
"154" 1 4.85468767777138 3.33426887795865 3.50705825792348 0 0 0 0.561800546074909
"155" 1 3.91699261502857 3.30016328858221 1.69047248931053 1 1 1 NA
"156" 1 5.37124776422446 10.5517086619771 -0.213512296521913 0 0 1 NA
"157" 1 5.28305815557001 10.9308611819239 -0.518673042098061 0 0 1 NA
"158" 1 6.47573114567904 2.71829220756246 0.980390153215138 1 0 0 1.88462949574408
"159" 1 2.53090947567256 6.04099687176187 -1.02344822397247 1 0 1 NA
"160" 1 4.69210184285421 5.13863986838417 0.210899857473625 1 1 1 NA
"161" 1 58.6987555242624 2.21822180238566 -0.269223421406213 0 0 1 NA
"162" 1 0.230575730142917 5.01370353373153 0.668210187375857 1 1 1 NA
"163" 1 6.49459369521583 6.87459501062114 -0.176139027882669 1 0 1 NA
"164" 1 6.19480611424949 1.24319236399568 -0.738784751029678 0 0 0 3.83362179072067
"165" 1 14.4975311097814 7.00412230545812 -0.886194804525187 0 0 0 0.609997483567241
"166" 1 12.1993534284158 2.37620557619922 -1.12817095562268 0 0 1 NA
"167" 1 0.948456091726489 9.52604899734109 -0.57262342864264 1 0 1 NA
"168" 1 1.97715057219825 26.7605676633579 -1.06329321323521 0 0 1 NA
"169" 1 14.8386828458095 17.0024241098628 -0.955973820785545 0 0 1 NA
"170" 1 14.7441487073763 6.05285108634985 -0.453178891216395 1 0 0 3.29337208104884
"171" 1 15.5464961439362 8.12866714874284 0.110727406298607 1 0 1 NA
"172" 1 4.73822075351164 1.34658390689764 -0.580197027566647 1 0 1 NA
"173" 1 10.865852103475 6.89721860361767 0.331490160366858 0 0 0 0.138515976086807
"174" 1 12.871385398824 10.849479667785 -0.283701910372684 0 0 1 NA
"175" 1 34.8579002141519 36.1468041638197 -0.420506909991793 0 0 1 NA
"176" 1 8.86086153164422 10.1730757964446 -0.171172040922521 1 0 1 NA
"177" 1 31.5186917424634 1.89648936643698 0.25555290807182 0 0 1 NA
"178" 1 21.8285551600598 6.29376414007358 -0.164695645552234 0 0 0 2.85418142750289
"179" 1 11.2460640994858 16.6037058187488 0.396438144383968 0 0 0 2.83499817566923
"180" 1 2.44193741166534 4.85586967898367 1.864331793196 0 1 0 0.525007344406375
"181" 1 7.17423866359422 4.70552518404405 -0.32570471415176 0 1 1 NA
"182" 1 15.4193201625049 2.79175973125854 0.682130927744661 1 1 1 NA
"183" 1 7.8630369915475 4.17602250092133 -0.192266331583286 0 1 1 NA
"184" 1 20.0391294166371 0.417814021491478 1.1217217034629 0 1 0 2.05379622313378
"185" 1 7.85905275837959 6.04512768282547 1.11629232121009 0 0 1 NA
"186" 1 4.32344794547006 1.10581690186109 0.0958082301092511 1 1 0 0.596030015803433
"187" 1 5.59582251527414 10.6073960707921 0.570768188219033 0 0 1 NA
"188" 1 56.6898672539676 33.2889031807098 -0.936502895023966 0 0 1 NA
"189" 1 4.63082110585905 6.94368763695075 0.53778712495913 1 0 1 NA
"190" 1 13.8187113802974 6.93772554934715 -0.483993709401395 0 0 1 NA
"191" 1 3.99116092074412 6.72546978412072 -0.906079962112192 1 0 1 NA
"192" 1 0.302669719644981 5.733030949125 -0.563349581989751 1 0 1 NA
"193" 1 0.232373067401101 5.75982443536482 0.346575404260154 0 1 1 NA
"194" 1 23.2528892901341 0.523277345444437 1.55451126780447 0 1 0 1.02783375621893
"195" 1 35.1483833903996 6.77902949583865 -0.350255937325919 0 0 1 NA
"196" 1 7.49869680677524 18.6884261036418 0.153656023759705 0 0 1 NA
"197" 1 0.221106285191619 1.56787433774095 0.290871374663805 1 0 1 NA
"198" 1 11.8386498608856 1.15971342388894 1.73295710597434 0 1 0 1.96653567396311
"199" 1 8.20694645854244 3.88401133554333 1.90240394844693 0 1 0 2.11156291769037
"200" 1 1.54196537062015 20.8297900996709 0.0496681649861987 0 0 0 1.0781339694385
"201" 0 3.60050493874724 10.618932854628 -0.717621696281888 0 1 1 NA
"202" 0 7.49013605994114 2.91715032224378 -0.774884087549046 1 0 0 1.54450429807894
"203" 0 8.10340364586895 1.68677696994766 0.0353174641016931 1 1 1 NA
"204" 0 5.93551794881037 6.80034195941448 0.151350198482704 1 0 1 NA
"205" 0 3.29695712324742 4.39719473629177 0.929192931431287 1 1 1 NA
"206" 0 33.8553218165796 3.36475560487333 -1.39741801209915 0 1 1 NA
"207" 0 14.1100979920623 1.02063485369852 0.0699004628250455 0 1 1 NA
"208" 0 5.31380300683077 1.14629482283289 0.724764983024951 0 1 1 NA
"209" 0 8.81228035424596 1.66323678575918 -0.187781652188522 1 0 1 NA
"210" 0 12.0479790924664 26.1578957684621 -0.76896282019597 0 0 1 NA
"211" 0 8.09255235022027 13.2753684041228 0.363149273802642 0 0 0 1.41242582507551
"212" 0 6.97959432569325 1.08315440018336 0.275222355420723 0 1 1 NA
"213" 0 7.35324109546899 3.53619205426868 -0.27616247907245 1 0 0 4.48393157771332
"214" 0 13.5273712680362 8.32925794118795 -0.0852993212972556 0 0 0 2.13880447330203
"215" 0 4.9507091629793 0.00684813771558411 -1.37883425415378 1 0 1 NA
"216" 0 13.078778193445 15.7084975937017 0.678209213376485 0 1 0 0.187262282003467
"217" 0 9.26901976222637 9.56515863103901 -1.75520479931236 0 0 0 3.23243284179951
"218" 0 9.35523436320912 1.93485399372304 2.55747439476391 0 1 0 0.890687587551074
"219" 0 7.26723050574422 0.945359940105735 0.356990850812332 0 1 1 NA
"220" 0 1.24511154559851 5.48068354759447 0.215384983866779 1 0 1 NA
"221" 0 61.7386059247532 17.3793275168859 -0.538910356220728 0 0 0 2.42600958648803
"222" 0 4.60738664891616 7.61323438101558 0.557136361721902 0 1 1 NA
"223" 0 7.17289097149958 1.78726670439986 1.51657999033594 1 0 0 1.78631907584374
"224" 0 6.97058844751686 3.55501325740949 0.046939536838964 0 1 0 2.34360619617986
"225" 0 8.08079904864815 0.649729381862495 0.838086161162699 0 0 0 3.42479739159867
"226" 0 3.70450229148156 0.972757705399858 0.0287800174366318 0 1 0 1.88430572712368
"227" 0 4.69994909049974 2.73867654548166 0.0842106257026903 1 0 1 NA
"228" 0 3.07565955815384 1.41109847047041 -1.22793627957326 1 0 0 1.23088922237433
"229" 0 15.6046178156706 4.34182744713715 -1.76598355667429 1 1 1 NA
"230" 0 3.73550099383569 1.15423586087843 -1.40453500521825 1 0 1 NA
"231" 0 16.2643120235288 8.96891902331543 1.18838809690231 0 0 1 NA
"232" 0 7.58343957671427 3.13293563561572 -1.23692172749923 0 0 1 NA
"233" 0 41.928519016463 5.06319053470407 0.178591680749215 0 0 1 NA
"234" 0 15.4278528510359 3.09168137488265 1.40334713834241 0 0 1 NA
"235" 0 1.41750196184877 1.55616685551439 0.659608211636255 1 1 1 NA
"236" 0 8.34414710976674 11.9292525370164 -0.0621494442342267 0 0 0 2.68216564074564
"237" 0 2.56892961490783 8.03703597645077 -1.34242381953988 0 1 1 NA
"238" 0 27.5566769342258 7.63534813969478 -0.540402924336857 0 0 1 NA
"239" 0 17.4213998328999 18.1344279994324 -1.64391149807161 1 0 1 NA
"240" 0 32.4836458035898 1.79989410253725 0.594843241389994 0 0 1 NA
"241" 0 9.70010290770255 3.80198417041772 -1.3329910212343 0 0 1 NA
"242" 0 17.9398361248233 4.00183412095149 0.66543439718287 0 1 1 NA
"243" 0 4.23469828254897 2.37621410194296 0.245280681459073 1 0 0 1.35032894362665
"244" 0 7.49626554062605 3.66868555817567 1.29200712859183 1 1 1 NA
"245" 0 9.08379244836745 14.0078375949874 0.703893051655676 0 0 0 2.6379048730323
"246" 0 1.09769390647081 6.72368899779331 -1.14056882986307 0 0 1 NA
"247" 0 8.49041262478013 2.40394961419081 -0.38792640334463 1 0 1 NA
"248" 0 2.05534201939703 25.9224535400694 -0.157799845162512 0 1 1 NA
"249" 0 5.51691501052001 1.25242725139855 1.33918242614578 1 0 0 1.72797956675732
"250" 0 6.05664351310628 3.75205539051465 0.748073891742654 0 0 0 3.75027625280454
"251" 0 17.8446106469314 2.20203819908988 1.96124433683272 0 0 0 1.96675524877333
"252" 0 1.98503750874712 23.1106488412575 -0.992926924489005 1 0 1 NA
"253" 0 11.8986315003421 3.24503574917504 -1.25439894885887 1 1 0 1.16255915945002
"254" 0 10.2151319320495 7.53590153347254 0.589306003848763 0 0 1 NA
"255" 0 4.80711820618292 1.71996931175722 -0.758675758775852 1 1 1 NA
"256" 0 2.1867707131469 1.30198751476438 2.91034812296429 1 0 0 0.77711759349597
"257" 0 51.6430780130691 19.8146969655185 -1.35158731372516 0 1 1 NA
"258" 0 2.62095489233758 1.63919380270355 -0.415696349656955 1 0 0 1.48194418068522
"259" 0 5.61441792057065 4.56672577251013 -0.460350010202458 1 0 0 3.19148766708074
"260" 0 3.44594444528962 4.03339645126825 -0.732394374368974 1 1 1 NA
"261" 0 3.74928469699723 11.9407054068309 0.251086783480712 1 1 1 NA
"262" 0 20.1099703548252 2.08848604939733 -0.260856372744456 0 0 1 NA
"263" 0 1.16641916680686 12.5594277354133 -0.550965358972662 1 0 1 NA
"264" 0 14.1908799773752 2.18539874125802 0.0813264155104938 0 0 1 NA
"265" 0 47.9998761137797 0.922641992819603 0.0594140054092419 0 0 1 NA
"266" 0 22.4905814633014 0.959836663967591 -0.158375228842224 1 0 1 NA
"267" 0 10.3699523301841 4.11912818227977 -0.266218325150719 1 0 1 NA
"268" 0 6.86626472586502 15.5330708326722 -0.234814838780044 1 0 1 NA
"269" 0 11.6934657797208 7.69880169170384 0.468265360915089 0 0 0 3.00849248837025
"270" 0 0.607761190940448 1.8192409801636 -0.335801816143581 1 0 1 NA
"271" 0 9.14479292963889 3.30291675293067 1.77762548894252 1 1 0 1.18637240885928
"272" 0 0.146117517098223 6.64181256272117 0.36950848901056 1 1 1 NA
"273" 0 3.28821056993749 7.72718481036812 -1.85976968068016 1 0 1 NA
"274" 0 3.19844314347825 12.5658675489094 0.613245940274666 0 0 0 2.50224056206326
"275" 0 4.10702879858866 4.76157423903084 1.15668145818214 0 0 0 2.48921600109678
"276" 0 20.5516817560213 12.2197206694285 1.57417679996961 0 0 0 1.70188788176406
"277" 0 9.86658394645709 0.722971121570587 -0.68533579865917 1 0 1 NA
"278" 0 8.14819664175794 8.34234881011962 0.444116944131818 1 0 0 2.91006166593708
"279" 0 8.07576370795416 4.80962008831015 0.455105082375382 1 0 0 4.35830082422419
"280" 0 5.16075661969475 10.7497288122894 1.35029584991254 0 1 1 NA
"281" 0 12.1026973729315 0.771230319899145 0.911092016505645 0 0 0 1.72520063393973
"282" 0 0.991782936044115 4.52922237500863 -0.476461982828222 1 0 1 NA
"283" 0 12.7713039867285 1.55637374332464 0.919517416998976 1 1 1 NA
"284" 0 14.9090397731583 1.18957283514175 1.50422452435553 0 0 0 0.357225046534792
"285" 0 2.22587999190119 5.46001143295143 0.0697987434254302 0 0 0 1.79771601446546
"286" 0 8.06918046736655 3.94593051954057 1.43321070257145 0 1 1 NA
"287" 0 8.9849305243832 8.29681122606337 0.0120622863625277 1 0 0 1.19051565807986
"288" 0 13.2333225768863 7.01271379916886 1.60977678568775 0 0 0 1.28460463632998
"289" 0 0.772014331764711 10.2600082989746 -2.14671050872173 1 0 1 NA
"290" 0 0.55824422655443 4.32357715744816 -1.11136285005995 1 1 1 NA
"291" 0 13.4765283505566 1.76238131409971 -1.00505737951564 1 1 1 NA
"292" 0 1.3357951260632 15.1013494531607 -0.195388226180297 1 0 1 NA
"293" 0 10.5425869138308 8.29611882694996 0.748559704158242 0 1 1 NA
"294" 0 8.57494809597117 1.65191150934486 0.456435488633977 1 0 0 2.88446982021341
"295" 0 0.875485902967623 8.15227218039122 0.521831032125681 1 0 1 NA
"296" 0 4.00799889762177 10.5737097213712 0.0534451753384168 1 0 0 3.35255701788319
"297" 0 9.38220362819126 0.433324230799444 -1.65521405941889 1 0 1 NA
"298" 0 3.64682065620626 12.4622431342519 0.484536477230104 0 0 0 2.16977255094019
"299" 0 10.2432491346061 11.6041706557657 -0.937586448144486 0 0 0 3.40553303313586
"300" 0 3.24981212606416 1.47328470044312 0.913042415003337 1 1 0 2.89699270582628
"301" 0 8.23076073737535 9.75428989353039 0.164085915538023 0 0 0 2.82343468153593
"302" 0 3.8188734513018 8.96999671615822 -0.256507256249824 0 0 0 1.10379237552762
"303" 0 9.15246703426503 14.108566419479 0.504123274588449 0 0 0 1.3982540899756
"304" 0 3.5210259921277 4.94495606930477 -0.764178559036148 1 0 1 NA
"305" 0 14.388503328112 1.79992507943652 -0.375672688281178 1 0 1 NA
"306" 0 17.8072078716822 9.98367547139901 0.182183645365942 0 0 1 NA
"307" 0 0.542632415912901 1.80714901886351 1.32922127063844 1 0 1 NA
"308" 0 6.0733584221026 0.638483068140271 -0.218763379327438 1 0 1 NA
"309" 0 5.46354098190486 10.2089690994173 0.700108915139697 0 0 0 1.4900815597918
"310" 0 21.7710706728033 3.64845719597578 0.858112145921993 0 0 0 1.12609223199096
"311" 0 8.48290660009764 6.34525058445911 0.174494943115064 0 1 1 NA
"312" 0 1.39068356457972 29.7019698090545 -0.152446487345671 0 0 1 NA
"313" 0 49.2783462764689 5.94889506551164 -2.04306062749153 0 0 1 NA
"314" 0 8.61781438158737 7.56729577384116 -0.204853594019552 1 1 1 NA
"315" 0 8.15733211141085 10.5064222842543 -1.80113981692425 0 1 1 NA
"316" 0 3.31202055255996 0.993177842524686 -0.549384013947399 1 1 1 NA
"317" 0 3.41697855242535 1.55110953764573 0.101251890989411 0 1 1 NA
"318" 0 28.1865986039819 7.3465831349183 -0.652587087171806 0 0 1 NA
"319" 0 23.1109220232575 9.08311822700817 -0.264259489121331 0 0 1 NA
"320" 0 16.0320668279484 1.75461049187154 -0.478937484764936 0 0 1 NA
"321" 0 1.03115570163209 16.5216555737503 0.514665649756023 1 0 0 1.02453438754774
"322" 0 0.369458175124518 10.8836031284886 1.1488801072804 1 0 1 NA
"323" 0 13.2818209906126 4.04873076011898 0.426364862300241 0 0 1 NA
"324" 0 3.81568386622887 5.2504233638223 1.3341569456151 1 0 0 1.62003633188538
"325" 0 15.6842555216577 0.856206149618881 -0.725685318834773 0 1 0 3.08031860228615
"326" 0 7.74268739277816 2.91731062563293 0.599837399480799 0 0 0 1.41509848210649
"327" 0 1.13082569256412 14.9869230399694 -0.314599760253735 0 0 1 NA
"328" 0 2.29317879792353 2.9305012490333 -0.697207195979584 1 0 1 NA
"329" 0 6.36462288466516 3.04457398025757 0.130353823244364 1 0 1 NA
"330" 0 13.6061242279237 3.74964197918395 0.468367532526375 0 0 0 2.43370625570001
"331" 0 0.267081169593644 20.1083334719268 -0.966623507772558 0 0 1 NA
"332" 0 4.32027777954421 0.0310028419128071 1.32830758169496 1 0 0 2.28437222936333
"333" 0 2.47526488099348 1.08224502231746 0.809486408724591 1 0 1 NA
"334" 0 31.083624430361 0.559545083213996 -1.66925104146159 1 0 1 NA
"335" 0 5.484208006216 4.63398184555393 0.563408325826559 0 0 1 NA
"336" 0 17.6698896543087 1.11409268306034 -1.4682371850366 0 0 1 NA
"337" 0 3.58908298644492 4.48008938021233 -0.129795639518424 0 0 1 NA
"338" 0 3.95323377708123 6.94704238819676 -1.36918136016259 1 0 1 NA
"339" 0 4.23775876070037 10.7566679156773 -1.57665826818036 1 0 0 1.64505734749889
"340" 0 14.9394850560785 3.71503836518086 -1.32674268202027 0 1 1 NA
"341" 0 4.45964331298368 0.911131541374202 -1.16985967195018 1 0 1 NA
"342" 0 8.13797616908778 1.52308629101627 1.42552993459019 1 1 0 1.32242124694623
"343" 0 15.5061102226657 8.93460574077725 0.774225352602297 1 0 1 NA
"344" 0 6.45802884679928 11.2015601181903 0.909345818632272 0 1 0 1.23732185763136
"345" 0 3.22985990839635 4.97028916707921 1.10273242849146 0 0 1 NA
"346" 0 1.0517170228522 0.511752960860896 -2.02400608011229 1 0 1 NA
"347" 0 10.3985961196143 3.58123381416283 0.948324210720455 1 0 0 2.26662847896728
"348" 0 23.8456589857699 7.93874821761898 0.0624601660590219 0 0 0 1.91762474079393
"349" 0 8.08323388705499 8.95754537221897 -1.51667408678965 1 0 1 NA
"350" 0 2.69711510668487 2.11310617584324 1.34850025217959 1 0 1 NA
"351" 0 5.07695173077313 2.00563558264317 0.0076822853045107 1 1 1 NA
"352" 0 2.2538796533721 1.19318651230519 2.11944054846312 1 0 0 1.59325514197859
"353" 0 11.5988352787674 11.1517437954028 -1.86046802757435 1 0 1 NA
"354" 0 4.13384482733712 8.02555513447313 -0.485965321831561 1 0 1 NA
"355" 0 16.2738016353906 1.94592939289107 -0.404539127291682 1 1 0 0.304813388523308
"356" 0 10.4942538897651 0.312756787274435 0.67162546165661 1 0 1 NA
"357" 0 10.1285210082846 2.13905950213994 0.115105102213043 1 0 0 2.45124772637241
"358" 0 4.9979357891717 1.64309835822664 0.130841658226346 1 0 1 NA
"359" 0 8.84351001915111 0.244508059632914 0.237521975023241 1 1 1 NA
"360" 0 1.50155332318049 11.0600421051695 0.606750949283843 0 0 1 NA
"361" 0 2.64906834730859 2.55798147122305 1.49351173943607 1 0 1 NA
"362" 0 12.7296401459971 14.4261236094479 0.75873936665222 0 0 1 NA
"363" 0 8.84240458012659 3.51303975925688 -0.093239809854231 1 0 0 3.18737707981877
"364" 0 6.95076535669873 6.93682455799891 0.0879313636542427 0 0 1 NA
"365" 0 1.60545090211336 2.20830842095153 1.44911132773974 1 0 1 NA
"366" 0 18.2197998319212 17.4650169261227 -2.0416226820129 1 0 1 NA
"367" 0 3.64933558112549 0.993108832440268 -0.572254237694331 1 1 1 NA
"368" 0 26.59835114928 14.5313012238942 0.399552852982144 0 0 1 NA
"369" 0 2.71998589182829 2.44848149662872 -0.788885361889321 1 0 0 0.820248070794773
"370" 0 16.1602235671177 8.44882214507011 0.0679836262879221 1 1 1 NA
"371" 0 6.70430678462717 2.60907894718137 -1.74336139645814 1 0 1 NA
"372" 0 9.84711982085451 5.29744097177907 0.0675245145645504 1 0 1 NA
"373" 0 14.492203428386 0.112821281752735 0.645506335885241 0 1 1 NA
"374" 0 20.9597493179145 44.6497786458993 -2.6549267166137 0 0 1 NA
"375" 0 11.6631388424991 6.71871648871434 0.731251754248477 1 0 1 NA
"376" 0 14.4783446258549 1.9370569333639 1.4099945069051 1 0 1 NA
"377" 0 3.33978183152385 1.34271463289532 0.887929942457849 0 0 0 2.05476087023977
"378" 0 2.0964790254115 6.8072266076563 -0.138432389906149 1 0 0 1.20386178196737
"379" 0 30.6029678904654 2.86380693563768 -2.04932590106856 0 1 1 NA
"380" 0 5.33873678446473 6.9640784311684 -2.12594926279758 0 1 1 NA
"381" 0 3.89166572169956 4.52929037993244 0.204348766150162 0 1 0 1.42659772045096
"382" 0 19.3865748755947 0.238537570410476 -0.728208566367813 0 0 1 NA
"383" 0 7.46108778717356 5.31740794200097 0.948665320523734 1 1 0 0.151076758965114
"384" 0 0.994862384974757 2.68429611439609 0.40701805667762 1 0 1 NA
"385" 0 21.9883519053952 3.49108704360119 0.961279536925535 1 0 1 NA
"386" 0 14.259926647511 5.56209232345144 -0.598844934474709 1 0 1 NA
"387" 0 0.224980638201208 7.1255643338214 0.891546166992317 1 1 1 NA
"388" 0 1.13376919252337 4.28856352700144 0.475477043523987 1 0 1 NA
"389" 0 9.29915919378244 4.29395255757226 0.5051175554782 0 0 0 1.11705652013438
