"Z" "Y1" "Y0" "x1" "x2" "x3" "ID" "D"
"1" 1 3.53891943882194 5.70157796186811 1.62387160612805 0 0 1 NA
"2" 1 2.8187126413362 0.345098895631393 2.00975659326846 1 0 0 2.00073854058593
"3" 1 5.76831370470191 1.53489844378682 1.39733030829571 1 0 1 NA
"4" 1 10.9968854553077 10.7693322476774 -1.43551534339599 0 0 1 NA
"5" 1 8.4591284430037 6.78220535152243 -1.96272736375427 0 0 1 NA
"6" 1 7.18396640691436 5.02160781505425 0.476711947080929 0 0 1 NA
"7" 1 3.03274483219635 0.0772463291565482 1.90103631467493 1 0 0 2.34092788971795
"8" 1 1.57269806663626 5.69961645408602 0.0875579673952727 1 1 1 NA
"9" 1 17.2663723793447 4.51182356426471 -1.08243193134186 0 0 1 NA
"10" 1 12.4695608520514 0.655994480184115 -0.826521669258951 1 0 1 NA
"11" 1 38.8555681262601 1.50537450313193 -0.0616734713898852 0 0 1 NA
"12" 1 21.8285049529496 4.85569107562203 -0.539620795323009 1 0 0 0.653354478705557
"13" 1 31.6783509346415 2.17781878563434 0.490105745938838 1 0 1 NA
"14" 1 10.5184591585704 2.35827719068898 -0.813961649691735 1 0 0 1.21707408651289
"15" 1 1.31140095440103 19.4265736564891 -1.3091351740014 1 1 1 NA
"16" 1 9.02748069020957 6.97627163117238 -1.2710347177099 0 0 1 NA
"17" 1 21.0187920356264 4.69055057859009 0.484459049114946 0 0 1 NA
"18" 1 1.71665354591605 1.20006195879507 1.27814268554187 0 0 0 1.34258849630861
"19" 1 26.6163746539439 11.8007945960117 -1.05384420357736 0 0 1 NA
"20" 1 6.93102494589738 3.32599331009176 -1.85508441752408 1 0 1 NA
"21" 1 9.17755479442085 8.87093017968819 -1.26119364755779 0 1 1 NA
"22" 1 4.73777765054497 2.54291307504552 -1.8147672420304 1 0 1 NA
"23" 1 1.98809252059696 6.28267463754975 0.0780686535708785 1 1 1 NA
"24" 1 3.90266745929718 3.35802566037818 0.332440710053897 1 0 1 NA
"25" 1 19.2871655391607 2.76227405144606 0.875402342686794 0 0 0 3.80615297476296
"26" 1 14.1258946600865 21.7842102587582 1.17008719206054 0 1 0 0.423266716519276
"27" 1 11.6863594451926 2.2035221953714 -1.93281933281399 0 0 1 NA
"28" 1 7.65391153222907 0.20593382657261 -0.0541982340033247 0 1 1 NA
"29" 1 25.5483714705592 3.37508730469592 -0.825875526871637 1 0 1 NA
"30" 1 17.8213260534258 3.10705634341844 0.512113395642852 0 0 1 NA
"31" 1 6.94867055694239 7.3559100328218 -1.52286128603719 1 1 1 NA
"32" 1 13.7783823926705 0.774158790372188 -0.235767173379773 0 0 0 2.33887349986114
"33" 1 0.621014407113167 15.2027478895239 0.714354192135473 0 0 1 NA
"34" 1 1.03945654023874 1.16216030136431 0.595351768070454 1 1 1 NA
"35" 1 9.97241622482237 5.45278006051058 -0.00717380510449281 0 0 1 NA
"36" 1 7.6043349458927 8.62441756503686 0.135695445323828 0 0 0 2.80831057913304
"37" 1 6.37905673751651 5.78106741984513 0.368290883756894 1 0 0 1.2365772118395
"38" 1 2.45121073762401 11.2133100403625 1.01803120249568 1 0 0 1.91936217946832
"39" 1 9.58671811471597 0.0211394436708787 0.832660005266676 0 1 0 3.29008320529041
"40" 1 15.6955312292486 9.64730522470485 0.618980282302074 0 0 1 NA
"41" 1 1.34367483782866 3.37407927515579 2.68825820151598 1 0 0 0.54706557076372
"42" 1 0.976714223450401 0.720430157845643 -1.05359484929028 1 1 1 NA
"43" 1 5.69453535372939 3.0006109073727 -1.47693586210423 1 1 0 2.79864673185472
"44" 1 1.16596505473914 1.72914532953855 0.634754522771754 1 1 1 NA
"45" 1 7.49193130734875 1.45564624942045 1.05409213420599 1 0 1 NA
"46" 1 20.4440284716961 0.892531107836868 0.354151653783284 1 0 0 4.24422539152608
"47" 1 4.52022334102409 11.0503631286557 0.926216881663518 1 0 0 1.6151020661871
"48" 1 8.68308395438973 22.3911320458874 -0.198664595289114 0 0 0 0.198947214855789
"49" 1 1.6662780732019 11.7297647625862 -1.5005437547592 1 0 1 NA
"50" 1 4.71641762701635 0.853559643207037 -1.29979317008495 1 1 1 NA
"51" 1 3.41558158028106 2.98808029777956 1.53434946680187 1 1 1 NA
"52" 1 2.24924263838151 0.0332733243519972 0.413175600192323 0 1 1 NA
"53" 1 16.929858892573 2.30387927013777 -0.0622454987579308 1 0 1 NA
"54" 1 5.26141317342364 0.90994917124386 1.54585665665338 1 1 1 NA
"55" 1 23.9523049442273 2.93086081638663 0.719804579746492 1 0 0 0.479133132100921
"56" 1 0.165179495749856 77.3520782320249 -0.597779518177258 0 0 1 NA
"57" 1 1.34306191294602 9.32223749129502 -0.325346882293748 1 0 0 1.31239881237631
"58" 1 7.11712933667761 18.2071694274908 -1.15356086735284 0 0 1 NA
"59" 1 5.02349539354877 3.51992273850081 -1.55095982544042 1 0 0 4.67902015425298
"60" 1 20.2607082031704 2.93203193102455 1.21892617255066 0 1 0 2.29123767859767
"61" 1 17.1888056934465 1.54004182443992 1.89776739052291 0 0 0 0.552093547267411
"62" 1 2.8208137775719 13.3036831025045 0.534555757940068 1 0 0 1.71682348790711
"63" 1 16.727072868599 8.53028447847455 -0.768321073875553 0 0 0 1.34455497482646
"64" 1 2.44431631598488 2.98918699043991 -0.61225809851825 1 0 1 NA
"65" 1 12.9509897635427 15.3500276905643 0.665972811424379 0 0 1 NA
"66" 1 6.32156502316316 37.9520234646506 -1.44713242156313 0 1 1 NA
"67" 1 4.62940547655354 22.7824083409219 -1.08117574634185 0 0 1 NA
"68" 1 71.5071346243005 30.5217730675141 -0.396889854919729 0 0 0 0.800232277857631
"69" 1 40.7246172147355 22.3789989256999 -1.68501554045441 0 0 1 NA
"70" 1 1.39851554692837 0.929457159201278 2.73465780857157 1 0 0 0.465658187266239
"71" 1 6.28585263231919 2.6555309252192 0.981177000991145 0 1 0 0.72993147771815
"72" 1 16.0612448541427 9.21679428438169 -1.57169170872686 1 0 1 NA
"73" 1 15.2595827044246 25.7277151073902 -2.14335081372183 0 0 1 NA
"74" 1 7.7958892170702 12.2770767045948 -0.335405333245975 0 1 1 NA
"75" 1 7.34366188113274 11.7339312108566 -0.8880167984764 1 0 0 1.30699302943752
"76" 1 6.73048459237106 0.858850743486561 0.398190242894223 1 0 1 NA
"77" 1 2.71677520892136 0.138742585621097 0.33921167386844 1 0 1 NA
"78" 1 1.07784433858144 6.28593522393762 -0.340822648763255 1 1 1 NA
"79" 1 6.03029230128992 1.79584110341015 1.15974927162397 0 0 1 NA
"80" 1 9.53398347319923 3.98107729489759 0.624552887608453 0 1 0 0.955859587404761
"81" 1 2.8780674569039 0.599829709838486 1.76070913012475 0 1 1 NA
"82" 1 0.496512942627928 6.45419025061328 -0.443052436872533 1 0 1 NA
"83" 1 15.3025840604234 3.70562090707613 0.683371657508195 0 0 1 NA
"84" 1 4.6869042075207 1.8178862146999 1.47182780428537 1 1 1 NA
"85" 1 18.8286773673722 3.55129471975638 -0.815984416462778 0 1 0 4.98545119317797
"86" 1 1.57721994918809 1.38132617904038 1.52317342516773 1 0 1 NA
"87" 1 41.6589424134394 44.7869247098069 -0.276161582386072 0 0 1 NA
"88" 1 5.22419085607407 23.3327452164059 0.423258827872563 0 0 0 2.89427441252008
"89" 1 6.18410367633527 19.9651936604691 -0.0220098134807654 0 0 1 NA
"90" 1 20.014007745797 20.7994691678955 0.605866456854043 0 0 0 0.290033978366152
"91" 1 6.09497976991176 9.613661796746 0.236535533680205 0 0 0 0.98120133872059
"92" 1 4.08333163034507 5.80945055412921 -2.18741516845947 1 0 1 NA
"93" 1 6.11566458533659 9.72035780436809 0.775942135152519 1 0 0 0.34675391922599
"94" 1 6.52406696791316 1.05921061310481 -0.761744021343591 1 0 0 2.77365882880483
"95" 1 20.2453912687157 17.0194192647808 1.47306035344014 0 0 1 NA
"96" 1 6.15613130328243 4.32193962765918 0.737642005280654 1 1 1 NA
"97" 1 11.8138513880319 8.22498946754777 -1.65504441505036 0 0 0 4.70596443648799
"98" 1 21.5065972404021 1.42187990954454 1.31694788403204 0 1 0 0.949418909616836
"99" 1 4.32033463668071 4.27680432956764 -0.738574677514527 1 1 1 NA
"100" 1 9.25781189384963 5.61719767326338 -1.52284607477037 0 1 1 NA
"101" 1 15.002803526899 16.2594095567989 -0.835826954858528 1 0 1 NA
"102" 1 6.8311082155783 0.0662609180978387 0.814485594811943 0 0 0 0.886359866818407
"103" 1 4.44978933794075 25.0672460986353 -1.30332162951999 0 1 1 NA
"104" 1 7.80492017042174 2.56174928916944 0.257936126321094 0 0 0 0.310385471614338
"105" 1 15.6499195170839 3.96112782366238 0.453764045595861 0 0 0 2.77024468547592
"106" 1 8.53262283710977 4.37356713570051 -0.0174286810769379 0 0 1 NA
"107" 1 8.51429288666462 7.26984802304148 -0.635833822422283 0 0 1 NA
"108" 1 6.72810300323728 0.477820547205661 1.57810166881457 1 0 1 NA
"109" 1 7.38713232498363 5.58302900759915 1.04678721232544 0 1 1 NA
"110" 1 4.11284497977332 0.495268796176604 0.368346268148957 1 1 1 NA
"111" 1 7.05033813962706 0.217951540123314 -0.26499373303877 1 0 1 NA
"112" 1 25.7170554627846 46.6182853945027 -1.14218165162407 0 0 1 NA
"113" 1 9.91246822565851 0.372877600745142 0.165076762239241 0 0 0 2.22357665304333
"114" 1 2.77083882402378 3.28357432980525 -0.0309546236491446 0 0 0 2.22657729429901
"115" 1 12.1057408543838 1.07881257528146 2.223767932108 1 0 0 0.617560312498752
"116" 1 8.03246434622057 11.5287049024583 -0.235173544104919 0 0 1 NA
"117" 1 6.73797442052812 29.3777063521575 -2.56924377279047 0 0 0 2.20506932001606
"118" 1 2.01846275222984 8.39715850177635 0.188711137091922 1 0 1 NA
"119" 1 4.10112609082036 7.28743738697426 0.139267244310038 1 1 1 NA
"120" 1 17.365506883149 0.122762220561457 -1.61173903249759 1 0 1 NA
"121" 1 7.37995943599311 6.86402638617979 0.911717386816944 1 0 1 NA
"122" 1 19.6824363476291 9.59921116369281 -0.499439092401324 0 0 1 NA
"123" 1 19.3950198008462 9.28279778781742 0.317523337607185 0 1 1 NA
"124" 1 3.82141854164396 8.18672988582935 0.697241166732003 0 1 0 0.958648304323345
"125" 1 1.27248228876394 6.13013330454243 -0.141492508023627 0 1 1 NA
"126" 1 10.3558397797066 4.65424067467745 0.620702902310624 1 0 1 NA
"127" 1 1.2755823406122 7.61707794514671 -0.353739119313463 1 1 1 NA
"128" 1 3.79366345620679 2.67900504091177 1.93932631155098 0 1 0 0.313738985560284
"129" 1 4.11774928728985 4.00988070348487 -0.13923734477238 1 0 1 NA
"130" 1 3.62350898860026 1.36790816086526 -0.423872306271177 0 0 0 1.51180119623113
"131" 1 29.3192991115589 2.08898461976886 0.250311739173495 1 0 1 NA
"132" 1 6.24100167877049 2.33867154644217 1.34652256153718 0 1 1 NA
"133" 1 0.547170609576561 4.74588167458963 0.574704547306209 0 1 1 NA
"134" 1 13.5501405162212 11.864241157681 -0.441678484398717 0 1 1 NA
"135" 1 8.31559177263602 1.68408200285325 -0.123854194372807 0 1 1 NA
"136" 1 3.98642766689292 0.911981656740443 1.19621183415202 1 0 0 1.02917366618724
"137" 1 4.4507563595352 7.68704755454333 -0.123180014855274 0 0 1 NA
"138" 1 17.8928196284507 1.89050236415918 1.05105745287311 0 0 1 NA
"139" 1 3.69340539955224 8.89301638462673 1.01035257286783 0 0 0 2.43687166827409
"140" 1 28.4885465224915 8.85312912930754 -1.64137960662105 1 0 1 NA
"141" 1 5.98492089561592 3.02419444863456 -0.261496835596596 0 0 0 0.666984154819439
"142" 1 7.45808453356882 3.18776182263027 0.623281397158206 1 0 1 NA
"143" 1 26.6258755440998 4.33410370295535 -0.533796997988521 1 0 1 NA
"144" 1 7.1997460623377 1.36774252260342 0.0755641114112582 1 1 1 NA
"145" 1 29.9761182849332 2.1474054596799 -0.00511957539163223 0 0 0 2.18442313457874
"146" 1 1.61292032090643 2.13690220240948 0.327126969819372 1 1 1 NA
"147" 1 0.942026715292308 3.63990367879101 -1.1769231779078 1 1 0 0.713976497629785
"148" 1 5.56749719520793 0.0380568396569711 -0.742295229769526 1 0 1 NA
"149" 1 19.1968400308406 5.23127971998926 -0.0877097226080153 0 1 1 NA
"150" 1 4.05149934889478 1.91497644293845 0.00386380700507263 1 1 1 NA
"151" 1 7.85815760134491 7.02376666221324 0.0348575731034964 1 1 1 NA
"152" 1 5.18967238111135 0.575703534317613 2.30730919398793 1 1 0 1.9657505570578
"153" 1 22.4027901351848 5.44235569282547 -0.0782913408238373 1 0 1 NA
"154" 1 10.1197783049134 12.9742316760032 0.289352175524399 1 0 0 1.34519608140068
"155" 1 5.86975314600806 3.44400076116451 0.224869149492775 0 0 0 2.72969039067119
"156" 1 7.79992295009533 5.60828266061917 1.77357017287145 1 0 1 NA
"157" 1 5.73175997525412 3.2240805869622 0.518101267769326 1 0 0 1.62803375180863
"158" 1 17.6999352895086 6.2046900221037 -0.927248988629548 1 0 1 NA
"159" 1 8.23517257447755 9.17479611294895 -0.974031876486253 0 1 1 NA
"160" 1 7.76459878139111 26.0732358496911 -1.38434276394409 0 0 1 NA
"161" 1 7.50410188228535 0.995604615548244 0.423430242450145 1 1 0 0.837634989161579
"162" 1 11.0074773769574 1.94682353514439 -0.54328719612603 0 1 1 NA
"163" 1 18.2207271949414 3.51955041833498 -0.496281669989994 0 0 0 5.4253016307115
"164" 1 3.86177577157132 2.05170546407648 -0.203392920512312 0 0 1 NA
"165" 1 7.13148711405313 6.14120041456973 0.430558910861615 0 0 0 3.22470726476347
"166" 1 7.10356651232617 11.2008769118027 0.471409568467618 0 0 0 1.147673158734
"167" 1 6.04456872642271 0.0340287738698121 -0.0396325684338258 1 0 0 0.832730135220188
"168" 1 11.6204996191972 0.734122193875947 1.07932111472579 1 0 1 NA
"169" 1 1.48656362470031 9.70108604702975 0.338586314923424 0 0 1 NA
"170" 1 42.9829192060797 34.2828686023918 0.0754629167798663 0 0 1 NA
"171" 1 6.48779542037128 1.22631201484576 -0.440839928058405 1 0 1 NA
"172" 1 0.855655477786476 1.06097735697184 -1.93042413984397 1 0 1 NA
"173" 1 6.7519545198558 4.09298205570027 1.34622940388909 1 0 1 NA
"174" 1 6.44062570552465 0.913640998585706 0.812438993126919 1 1 1 NA
"175" 1 16.0381075354991 0.310746029632024 0.556470230884004 1 0 1 NA
"176" 1 0.728879262286744 6.23444535496392 0.367202351069225 0 0 1 NA
"177" 1 1.76800330994579 6.0691008322397 -1.86028088222691 1 0 1 NA
"178" 1 30.5315274721757 2.33293931182863 0.0733513798016725 0 0 1 NA
"179" 1 23.371975061279 8.61006808978902 0.216800982724302 1 0 0 2.51896610133217
"180" 1 33.0508905849128 1.79695391898491 -0.615846668827207 0 0 1 NA
"181" 1 2.82720416063691 2.53745699394641 0.812004672874399 0 0 0 2.3035516713545
"182" 1 1.65978245740621 5.13663387484639 -0.707896490817109 0 0 1 NA
"183" 1 6.22419109565366 6.57095717093291 -1.29922864758006 1 1 1 NA
"184" 1 13.3694828838677 4.71973545073053 -1.86379880061355 1 0 1 NA
"185" 1 4.33737023286634 9.78794543369172 -0.323225805807426 0 1 1 NA
"186" 1 6.35512289269363 2.62800077211079 1.98978480105134 1 0 0 2.29756669499929
"187" 1 3.81976568433655 6.90065576507469 -0.728636222656055 1 0 1 NA
"188" 1 26.2280905629855 2.34695357917128 -0.280020551956938 1 0 0 1.02978892733933
"189" 1 2.65858099757897 1.50486192224412 -0.0328234469084911 0 0 1 NA
"190" 1 31.5878415109652 8.08037349441152 -0.850975876127425 1 0 1 NA
"191" 1 17.8330494283365 2.25797429157463 0.297612671473315 0 1 1 NA
"192" 1 0.964131800797391 1.20047325635528 0.632166054651126 1 1 1 NA
"193" 1 13.5457829106886 4.24913608068538 -0.364452147317264 0 1 1 NA
"194" 1 5.86840158785225 0.774621695319499 0.257130190268353 0 1 0 1.67366520158503
"195" 1 12.2046739574953 30.5242501029343 -0.148102373447092 0 0 1 NA
"196" 1 9.7005026930391 4.99706281799653 -0.387243226113418 0 1 0 4.18907586637924
"197" 1 7.98951631884626 0.810913676943467 -0.987554760385111 0 0 0 5.1531363859065
"198" 1 4.3682013028331 5.7500050098252 -0.172043773817906 0 1 1 NA
"199" 1 31.8806431898055 3.02043070725037 -1.13456430516855 0 1 1 NA
"200" 1 13.8089745103302 5.36395433453625 0.63291049661366 0 0 1 NA
"201" 0 4.64576466591023 0.691357410665759 -0.900584294339803 1 1 1 NA
"202" 0 3.0955378165488 1.443985591645 -0.116909180155734 1 0 0 0.633046029828459
"203" 0 7.28416721702864 0.137584132698943 -2.54585265556036 1 1 0 0.380736913688347
"204" 0 10.3512483025792 6.8478189036201 -1.07057132213938 1 0 0 3.28101052995211
"205" 0 16.6408530656726 12.902015539968 -0.146768912491875 0 0 0 2.93456095800021
"206" 0 2.97617386246566 4.32364839238688 -0.204058657701287 1 1 0 0.54243519774461
"207" 0 10.1725984522523 3.97501464247031 0.795861592971156 1 0 0 0.373158809939836
"208" 0 5.52653903721469 29.4792607838563 -1.42394062575255 0 0 1 NA
"209" 0 38.1035040607711 5.95032187692258 -1.51840097314108 0 0 0 3.40292482036705
"210" 0 1.72366249919217 5.8223860207464 -0.158169628256997 1 1 1 NA
"211" 0 5.76240334822054 1.93140696458341 0.783413705610562 0 0 1 NA
"212" 0 14.2302360563209 4.37403920138528 -1.39743820924467 0 0 1 NA
"213" 0 9.77523440216155 16.0922684894104 -0.131165735794636 1 0 1 NA
"214" 0 3.15017116050991 3.52276153657517 -0.0445785459629288 1 0 1 NA
"215" 0 3.97495716761766 9.25989105332318 -1.14163468899843 1 0 1 NA
"216" 0 10.7215517064126 14.7096185175686 -0.158344387970946 0 0 1 NA
"217" 0 13.2122760787481 1.53251735924495 0.976483845214285 1 0 0 1.08649957756102
"218" 0 6.34119481243354 18.7744227315167 -1.08440114515644 1 0 1 NA
"219" 0 6.66179358508171 2.88607396588255 -1.03943579351877 1 0 1 NA
"220" 0 12.766258422534 7.21430030440023 -1.30281521522195 1 0 1 NA
"221" 0 2.44245081835724 1.64532233801426 -0.250347943365813 1 1 1 NA
"222" 0 3.12118918161694 1.38484193874009 0.480128886393524 1 0 1 NA
"223" 0 10.2056583947439 2.59774822690729 -0.0788122439589547 1 0 1 NA
"224" 0 4.05409261861875 0.812182901662767 -0.955353698404113 0 0 1 NA
"225" 0 25.8604895692362 27.1393082295734 -0.875473458254249 0 0 1 NA
"226" 0 8.85824855049129 6.64276405403163 0.785623984382185 0 0 0 2.14362082465405
"227" 0 12.0052120248401 9.16817840168696 -0.32634587741905 0 1 0 4.09385756719921
"228" 0 16.7077828217355 3.31167939379618 1.05537130427449 0 0 1 NA
"229" 0 10.0346848346149 4.52664940840387 -0.456032329090487 1 1 1 NA
"230" 0 7.39132116239476 0.888266397220386 0.97052335923032 0 0 1 NA
"231" 0 7.10780191303506 3.34669000208522 0.657727274107748 0 1 0 0.719911002268703
"232" 0 3.54742101755479 0.529724662637918 0.321525964233536 1 0 1 NA
"233" 0 0.181130399470955 6.71437253572549 1.1785616352658 0 1 1 NA
"234" 0 11.2433366966957 5.1149836919224 -0.136143667967093 1 0 1 NA
"235" 0 14.6901804809611 30.8558125189769 0.428119488002332 0 0 1 NA
"236" 0 1.81027879934906 7.44687068597901 0.338476141867936 1 0 0 0.462529636097583
"237" 0 7.27151825058892 14.3304850634102 0.80300237439512 0 0 0 3.3591271970468
"238" 0 4.04261640990637 7.45299598914923 1.08654316758509 0 0 1 NA
"239" 0 11.5084842067599 6.97697240311745 0.315006006463211 0 0 0 2.5203317025624
"240" 0 10.0363829262117 5.7306263011113 -0.197538908164085 1 0 0 0.550441553138152
"241" 0 7.55747814389805 10.3334818649233 1.00164704021793 0 1 0 0.762810176264014
"242" 0 16.2752673351208 33.3958203929131 -1.16042964298271 0 0 1 NA
"243" 0 13.4673740936793 7.74703819411206 -1.14160161983473 1 0 1 NA
"244" 0 15.2811582959384 8.67670866346387 -0.427616344789013 1 0 1 NA
"245" 0 21.7960539024333 0.866020511382298 -0.823180549649787 0 0 1 NA
"246" 0 16.1457730190006 3.93231589881203 1.40009151564331 0 0 1 NA
"247" 0 13.925474669112 8.33396753321892 -0.421381958867724 0 0 0 6.83584988168862
"248" 0 5.32643543823481 5.17413234098193 0.600319369823495 1 0 0 2.48496224819721
"249" 0 8.71836518271058 12.9831939231769 0.690746599747646 1 0 0 1.11054936243016
"250" 0 1.37977261939091 22.4258283336605 0.369542091594915 0 0 1 NA
"251" 0 1.92888549336995 5.72904221026056 -0.958207862839289 1 1 0 0.852863077144184
"252" 0 2.84345404115717 1.80754150358653 0.530600746368704 0 1 0 1.23676909170652
"253" 0 4.6063078399202 0.333367103292793 2.49284852284064 1 0 0 2.90678615832959
"254" 0 18.3118421557004 2.97192881973408 0.604262083204524 0 0 1 NA
"255" 0 2.86078863810182 1.06491699742571 2.03483560435006 1 0 0 2.24954997276018
"256" 0 4.99142454946966 0.915705643746762 -0.0533423260497193 1 1 1 NA
"257" 0 7.47994198437531 7.03400376604773 0.436935053209308 1 0 0 3.17091282452677
"258" 0 8.08379583753933 14.2724505558855 -1.37831903630515 0 0 1 NA
"259" 0 8.82324643374217 1.95795311716606 -1.0799574395601 1 1 1 NA
"260" 0 9.90241375569874 0.965521158990096 0.568205196046516 1 0 1 NA
"261" 0 2.02983494393075 3.77855506735821 -0.0424960118933701 0 0 1 NA
"262" 0 15.7890268267656 1.38763225695909 0.414371515995178 0 0 1 NA
"263" 0 10.0096444663554 1.54041126087597 -1.13483048460853 1 0 0 3.63691426713481
"264" 0 4.82073776023203 8.18890178285074 -0.519943386411943 1 1 1 NA
"265" 0 13.6921381931962 3.61175800667266 -0.425963519709175 0 1 0 5.1697134743694
"266" 0 2.94363359669273 3.42974350482949 1.07979377734101 1 1 1 NA
"267" 0 4.91654103558605 3.72003082118466 -0.267551469992823 1 0 1 NA
"268" 0 17.7704093122956 3.31962372380181 -0.282656742204798 1 0 1 NA
"269" 0 4.30241697998813 15.9015181570142 0.476287016965322 0 0 1 NA
"270" 0 11.819005588865 3.1337542751043 -0.362792890525786 1 0 1 NA
"271" 0 8.02590053446466 18.6062028286753 0.19559920175011 0 0 0 2.95032592885059
"272" 0 12.5341243772787 33.2181928206998 -0.124648943083211 0 0 1 NA
"273" 0 5.10879795687294 3.13403836355598 -0.886737422969409 1 1 1 NA
"274" 0 11.909885945177 15.8304154260614 -1.10005956695606 1 0 0 2.57597889447994
"275" 0 2.72664225714725 1.74270486842641 0.21734614585437 1 1 1 NA
"276" 0 6.77807686631341 2.54475238933636 1.00114156229169 0 0 0 2.59285246358332
"277" 0 7.34843596492313 1.37226565847551 -0.271561684320735 0 1 1 NA
"278" 0 3.06780727060414 0.430648477359397 -0.410254162238197 0 0 1 NA
"279" 0 2.76792052815472 8.36156564450184 0.150421676606324 0 1 1 NA
"280" 0 3.25619172404959 6.77962092492371 1.10371482476468 1 1 1 NA
"281" 0 3.98220367578413 1.86815560447134 1.30060685575155 1 1 1 NA
"282" 0 0.582001825904807 8.30461817117971 0.33173231589711 1 0 1 NA
"283" 0 2.15122225105514 2.87332759757054 0.0438165582703456 0 0 1 NA
"284" 0 37.8397375466313 13.748502526604 -1.138907864383 0 0 0 3.29927123516907
"285" 0 5.5650276966534 1.54668975283302 1.20077003902571 1 1 1 NA
"286" 0 8.02656768123622 0.939795869435757 0.0193471765990861 1 1 1 NA
"287" 0 2.93050310963388 4.11869263647003 -0.478779388890536 1 0 1 NA
"288" 0 2.64037319204414 3.16013408823153 0.186226733077847 0 0 1 NA
"289" 0 10.1766045768678 8.96909567323639 -0.804048948662419 0 1 1 NA
"290" 0 3.93298700052681 1.3510012030532 1.08629440051575 1 0 1 NA
"291" 0 9.37207062334535 1.64338396671567 1.68656646990216 0 0 0 3.38105126222553
"292" 0 11.1650883351442 10.2680499202824 0.581139726093681 0 0 0 3.11441641972273
"293" 0 26.8984203411399 3.39459634453823 -1.11254947666306 0 0 1 NA
"294" 0 23.6098641062485 5.05152195910053 0.196421026870364 0 0 1 NA
"295" 0 1.73181911847888 31.6561177927509 -0.674343301618756 0 0 0 0.879738573442077
"296" 0 3.17667077701666 0.853231830562494 0.181428839946281 1 1 1 NA
"297" 0 29.2607923956216 13.3176384468037 -1.12463209337173 0 0 1 NA
"298" 0 4.67790532189637 9.85493741395394 0.937345594675618 0 0 0 0.110771216593874
"299" 0 12.7031810282642 3.94320964355136 0.350924887884668 0 1 1 NA
"300" 0 3.22731416135437 8.99481799160255 -0.723601595158892 1 0 1 NA
"301" 0 7.99084732521557 0.908597790971038 0.913114441144192 1 0 1 NA
"302" 0 20.379884560465 27.7908545172214 -0.152904078428132 0 0 1 NA
"303" 0 1.84358511369698 3.56681448911244 -1.19627365814825 0 1 1 NA
"304" 0 3.49278733700429 4.10340358392173 -0.31439877358142 0 1 0 2.86812414043913
"305" 0 7.50798361596587 1.7211289205721 -0.194625187062531 1 1 1 NA
"306" 0 0.855771812543319 23.7070395280707 -1.06189935777628 1 0 1 NA
"307" 0 12.6491815518172 6.36902211688629 -0.150179583479616 1 0 1 NA
"308" 0 29.4454174135586 4.16672096641333 1.75473159770789 0 1 0 1.21024687478425
"309" 0 1.08155321694356 5.65374311893133 -0.300675458817809 1 1 1 NA
"310" 0 7.84626800147514 6.07007302517524 0.493216308770338 0 0 1 NA
"311" 0 30.4299433837549 1.87874750535741 -1.884767065602 1 0 0 0.989267434326314
"312" 0 1.30562769768706 7.20390691379921 1.89512746357727 0 1 1 NA
"313" 0 2.2087733662858 2.66533543109422 -0.409031283059604 1 1 1 NA
"314" 0 9.96675274255523 0.537733651990174 -0.0995896430519395 0 1 0 0.521871510859124
"315" 0 10.9005606870521 6.58574399072171 1.33619298905849 0 0 0 1.74470381847629
"316" 0 5.13884428822978 3.81215612198319 -0.772524303865779 1 1 1 NA
"317" 0 4.14698530171849 7.90678963504194 -0.294894067339022 1 0 0 1.59007707619437
"318" 0 12.5468892279709 0.484963573225882 -0.0973535079259892 1 1 1 NA
"319" 0 5.08848477715507 4.35961041444132 -0.0450181568209158 1 0 0 2.86497938842789
"320" 0 19.7741477198511 9.28035895982701 0.162766045122731 0 0 0 4.21068492472901
"321" 0 25.3185557693137 1.78823022777557 0.657240419790178 1 0 1 NA
"322" 0 20.0479743733905 2.84421122237733 -0.86421685624842 1 0 1 NA
"323" 0 4.2698071856157 1.24062182124301 -0.51929143259986 1 0 0 1.96174155601947
"324" 0 3.45523209735329 2.0262725771756 0.0898997823069952 1 0 0 2.12846293764686
"325" 0 5.85140388590197 6.29552203954252 -0.677964045648909 1 0 1 NA
"326" 0 4.14532927732011 1.44855839377042 1.17389103078866 0 1 1 NA
"327" 0 3.11051602842898 10.0159749516508 1.63777499429247 0 0 0 2.3424134924826
"328" 0 1.83931471435722 5.04040978244016 0.693748624261659 1 1 1 NA
"329" 0 1.21742407150864 44.2315662495598 -0.988888501118672 1 0 1 NA
"330" 0 15.5015428105729 35.0749343077171 -2.56945673386127 1 0 1 NA
"331" 0 6.17102777165499 0.689219421430535 0.305914571053037 0 1 1 NA
"332" 0 21.3342932614981 3.81358955226456 0.80217177337268 1 0 1 NA
"333" 0 16.7627145000477 29.1616208942274 0.102277927055294 0 0 0 1.22448448027634
"334" 0 3.17600861406929 0.933117003987152 1.3621363297307 0 0 0 2.00698658977353
"335" 0 13.150077962544 7.31806625223485 -0.761361801930269 0 0 1 NA
"336" 0 9.63638795486475 6.17298379858735 -1.02257314557385 0 0 1 NA
"337" 0 26.9143301922873 10.7604864638752 0.601351509428532 0 0 0 1.09615561039608
"338" 0 9.51835178937573 3.5155535780188 1.67849933370192 1 0 1 NA
"339" 0 22.1065909691536 17.1511043664399 -2.51329601237493 1 0 1 NA
"340" 0 12.5145149472471 5.86495450924387 0.701107944921181 0 0 0 2.07190793317337
"341" 0 6.09359019918688 0.604571353294039 -1.40721150621975 1 1 1 NA
"342" 0 10.2476846293998 6.38211065935786 -0.504894988209653 1 0 1 NA
"343" 0 1.37155062770726 4.86203551485025 -0.686386756430455 1 0 1 NA
"344" 0 4.83598144759094 0.599074086953143 0.957247298352333 1 1 1 NA
"345" 0 6.45023513230618 11.0644876645072 0.930867727323623 0 0 1 NA
"346" 0 3.60761794130371 3.13085556777683 -0.319476585548643 0 1 1 NA
"347" 0 3.35233193430019 10.0579626200164 -0.884615068775711 1 0 0 2.98253389651844
"348" 0 4.70983189612549 6.23391892357638 0.448377825366423 0 0 0 4.31060714203503
"349" 0 3.58810260091637 3.9711453407621 1.07336770859861 0 1 1 NA
"350" 0 9.24543973177903 24.2674498020996 -0.668379485691173 0 0 0 0.110592369944367
"351" 0 2.80450661534108 0.316110735074178 -0.643320925949017 1 0 1 NA
"352" 0 3.65200787646144 2.54756505299734 0.765347123720727 1 0 1 NA
"353" 0 7.4483550320794 2.09631650856372 -0.15547746266384 1 0 0 2.75966714857565
"354" 0 2.29868137706776 9.47755921597278 0.736783585087965 0 0 0 1.1963396719606
"355" 0 12.7365045492313 0.584631099755705 1.53379392456596 0 1 0 2.0981646977904
"356" 0 0.945471187223183 0.758386176324583 0.174899919787372 0 1 1 NA
"357" 0 4.44768058963459 11.853275749109 0.0928238496752338 1 0 0 1.71794478325176
"358" 0 2.35652790196112 24.4607483460516 -0.62078182698171 0 1 0 2.01807158709732
"359" 0 10.5923506490173 3.5515102716297 -2.19120725670657 1 1 1 NA
"360" 0 11.6807394241525 4.80392452551716 0.170400510693696 1 0 1 NA
"361" 0 2.87948682344137 10.1119143981007 -0.196188654632923 1 0 1 NA
"362" 0 16.056705266228 2.17778457645439 2.37356805919788 0 0 0 1.47100632035424
"363" 0 14.0959038272534 10.7650350447762 0.353435224210304 0 0 1 NA
"364" 0 5.78417858816056 1.159793267256 1.51618015605387 1 0 0 1.53722395002344
"365" 0 6.2555674378117 0.490131086939351 1.32576263541664 0 0 1 NA
"366" 0 4.50441654394478 2.70819178626004 -0.260763444080376 1 0 1 NA
"367" 0 12.2247027931505 3.85436213270862 0.864461186438624 1 0 1 NA
"368" 0 6.68054542872404 14.592157670534 -2.68913797580121 1 1 1 NA
"369" 0 5.77802408867726 13.3203172227747 1.48236179614259 0 0 0 2.46831805116866
"370" 0 21.381815375188 3.7443504855412 -0.356201844489532 0 0 0 5.51611827319301
"371" 0 0.91480353045478 4.30699504041242 -0.710710336436798 1 0 0 0.470858593069512
"372" 0 9.17488945880719 1.33912698869285 0.47824335335964 0 0 0 2.54423363441972
"373" 0 6.92444969300674 3.42208621788744 0.81268852841404 1 0 1 NA
"374" 0 5.10249163565296 0.610234062757474 0.0758924003492447 1 0 0 3.68968237715245
"375" 0 3.80814348907415 0.61573515205103 0.127436069182255 0 0 1 NA
"376" 0 6.41769739132096 6.51354165748078 1.95225421009234 0 0 0 1.26554895928603
"377" 0 1.40853668882456 6.65736067888217 -0.604102030787809 1 1 1 NA
"378" 0 4.44317384387061 8.81300789666025 0.106641171532986 0 0 0 1.96312828839419
"379" 0 12.243083173939 5.74024925274589 -1.13038705862354 1 0 1 NA
"380" 0 26.9454747721429 7.30177061206722 0.306783464884715 0 0 0 3.60799635089854
"381" 0 21.3178265328026 29.4651428369302 -1.11211358687699 0 0 0 4.00685523303661
"382" 0 1.25416506068829 3.78218031403646 1.16641103587478 1 0 1 NA
"383" 0 1.97839716002209 1.2503857998692 -0.441372416637357 1 1 0 1.80054734928509
"384" 0 5.09613451044332 0.99503999175087 0.388736588972815 1 0 1 NA
"385" 0 6.3479183614978 5.67519031195028 0.0236508560854372 0 1 1 NA
"386" 0 3.89108580824372 12.6942754387857 -0.776943986561083 1 0 1 NA
"387" 0 1.77257118973714 4.56891902518742 -1.61615709235012 0 1 1 NA
"388" 0 0.655697014994276 5.66974597014204 1.35884296702028 1 0 1 NA
"389" 0 5.75832097452329 4.03336426534221 -0.229558041515092 0 1 0 3.50439153975553
