"Z" "Y1" "Y0" "x1" "x2" "x3" "ID" "D"
"1" 1 9.58445829988325 40.3977614901823 -0.102151696983649 0 0 1 NA
"2" 1 5.21377870687472 6.68591130121305 -0.390389941735379 1 1 1 NA
"3" 1 4.56385020562375 15.0035840892624 0.711796861269718 1 0 0 0.661128823947256
"4" 1 1.61465381643819 3.97816800829956 0.816909068672558 1 1 1 NA
"5" 1 23.8171086635997 1.17941667813208 -0.936631727871533 1 0 1 NA
"6" 1 4.18200282166078 0.0874334563039444 0.030528066383104 1 0 1 NA
"7" 1 1.92845246285659 7.17501594411651 -0.53783513231788 0 1 1 NA
"8" 1 24.8418376807773 5.10088301521319 -0.42802885003141 0 0 0 5.7809609446932
"9" 1 28.4735901638771 2.67696647445303 0.610948108375272 0 0 0 2.41563102016939
"10" 1 10.1988930893246 0.105496536361329 -0.119987573000299 1 0 0 2.15206502361218
"11" 1 10.3228812034866 2.84218340012591 0.136291482199874 1 1 1 NA
"12" 1 21.7289601038805 7.46374166394352 -0.950521368187078 1 0 1 NA
"13" 1 2.24874171976295 3.59072728034961 0.153076441100047 1 1 1 NA
"14" 1 0.548451144898701 3.70578691588819 -0.0742695984329441 1 0 1 NA
"15" 1 2.73494296800218 6.60899822609133 -0.748771219687704 1 1 1 NA
"16" 1 1.85335018663724 5.99911379704779 -0.719238735546744 0 0 1 NA
"17" 1 3.79631589545921 5.59429033698702 0.434440765981313 1 0 1 NA
"18" 1 11.3695886563436 7.65098382099839 0.589496442725509 1 0 0 0.992790699291379
"19" 1 0.268591298988699 4.93780752799533 -0.844102775295578 1 0 1 NA
"20" 1 14.9974095788804 2.02133464440399 0.503413354227375 1 1 1 NA
"21" 1 8.41681681480041 6.38968663114632 -1.06804416470413 1 0 0 5.2791771752388
"22" 1 10.0320507306039 6.49372384123889 -0.721593587749053 1 0 1 NA
"23" 1 31.3504430795334 0.419092354826123 0.362553480956698 0 0 1 NA
"24" 1 1.81897165848653 7.72194425984953 1.35229420128026 1 0 1 NA
"25" 1 4.0277184083156 6.12498404687363 -0.306297566861289 0 0 1 NA
"26" 1 4.71551126779255 27.4874614663567 -0.982792032938011 0 1 1 NA
"27" 1 23.6985612884606 9.69062793572826 2.39227667408798 0 0 0 0.521175890419119
"28" 1 4.86053479112778 4.25358911495454 0.550382995022104 1 0 1 NA
"29" 1 3.79641588700813 1.15218399573256 1.24600519410661 0 0 1 NA
"30" 1 14.7530931151978 7.17075149263423 0.421835932329613 0 1 1 NA
"31" 1 2.32091453827259 6.3408969004832 0.707648240403333 1 1 1 NA
"32" 1 15.3487187476784 8.41658600556411 -0.355845854911275 0 1 0 4.32790814023086
"33" 1 0.922117719034301 4.10055458577704 0.305558306677886 1 1 1 NA
"34" 1 26.6189337187874 15.742064807371 -0.787514927873848 0 0 0 3.03041193772848
"35" 1 24.1929987690085 18.7335602809009 0.593555944130701 0 0 0 0.824941978875793
"36" 1 16.5450608624392 3.9301077020427 -0.622474727779575 1 0 0 0.634759464988348
"37" 1 14.12770300989 0.358591054531142 1.25714020573957 0 0 0 2.23193640664831
"38" 1 6.71497918651642 7.9275643268059 -0.528648828860194 1 1 1 NA
"39" 1 47.0858823922643 18.9165479194691 -0.747971953710261 1 0 0 0.0840636385970453
"40" 1 12.7656557269161 13.0650888902764 -0.227008390638207 0 0 0 3.44343786773465
"41" 1 36.7675639154003 12.4962718847459 -0.586919293133255 1 0 0 3.69760345378893
"42" 1 2.80079484747913 2.09210511669833 -0.361718677149282 1 0 1 NA
"43" 1 2.41500746524052 0.688336290584579 1.57775487720666 1 1 1 NA
"44" 1 22.2282382375747 2.64731108302036 1.5586752014063 0 0 1 NA
"45" 1 21.705496610304 10.7087330664811 -2.50802947590482 0 1 1 NA
"46" 1 13.7239369050653 4.73730271352374 -1.37027703370258 1 0 1 NA
"47" 1 2.58243048299321 5.44420052936002 2.06782799280568 1 0 0 1.096372904357
"48" 1 7.47560151111668 9.53348560282881 1.77131154498467 0 0 0 0.77869605721554
"49" 1 7.93897012150196 8.86571466358686 -1.02498042089275 1 0 0 3.84721063145927
"50" 1 11.0398742203434 6.41979691075125 0.0220902011529287 1 0 1 NA
"51" 1 1.79495631558073 8.10686170005574 -0.00458198573831846 0 1 1 NA
"52" 1 12.2258336535342 19.6418872808246 -0.349530282758544 0 1 1 NA
"53" 1 1.43672008344246 1.21254064099627 2.48642986953124 1 1 0 0.764437270763448
"54" 1 16.0635669434911 2.30529332398056 -0.608775136508864 1 0 1 NA
"55" 1 15.4642539390638 1.28843614889391 0.265650267725583 1 0 1 NA
"56" 1 56.2064412066625 6.81640422855053 -0.497814060604903 0 0 1 NA
"57" 1 5.37879902962809 3.51713217558721 -1.14444809774758 0 1 1 NA
"58" 1 5.76815889498856 2.61963864503948 -0.503830304690609 1 0 1 NA
"59" 1 0.734070061887415 9.42484545685159 0.732480926316962 1 1 1 NA
"60" 1 3.39194206407769 3.54826564402715 0.610493918979428 1 0 0 2.42463850339325
"61" 1 6.33255467964622 6.5167402463691 0.442983711038161 0 1 0 1.80640834560996
"62" 1 2.42905939508904 1.16919307299587 2.5174179956688 0 1 0 0.447353099035419
"63" 1 10.6151707712838 0.593541880235022 -1.14179715836274 1 1 0 3.99041460884016
"64" 1 10.0557848939522 6.11740527781904 0.608693122375389 0 0 0 2.79830148380763
"65" 1 8.19306902772247 3.80236564506434 0.375391634812188 1 0 1 NA
"66" 1 1.12907184731111 5.09251202235559 -1.44010508260837 0 0 1 NA
"67" 1 6.37368827852374 15.1392449336426 0.964950681261174 0 0 0 0.636421580845472
"68" 1 7.66150816793971 10.3497197174096 1.41545121775055 1 0 0 0.972006444841113
"69" 1 5.90879847125906 6.62554572052865 0.0370997869464515 1 0 1 NA
"70" 1 2.15882287285649 5.8844175659911 -1.01854729803233 1 0 0 1.92864636206867
"71" 1 11.1783030436927 10.0220132089505 -0.645661458815858 1 1 1 NA
"72" 1 6.92820208203232 8.97215940607725 0.0723980492358569 0 0 1 NA
"73" 1 13.8899483977273 2.86658544540942 -0.0703876394454962 0 0 0 3.8294988351727
"74" 1 8.49326907456758 7.60276385618344 -0.907049932190564 1 0 1 NA
"75" 1 19.1517934720813 1.06686877155589 -0.823922199962179 1 0 0 0.978363216287967
"76" 1 5.33312022401901 3.966659963812 0.806280899977903 1 1 1 NA
"77" 1 15.5135971230149 5.09459560216668 0.00185578288257044 0 0 1 NA
"78" 1 15.6794327309626 1.87909361583114 -1.68122282913552 1 0 1 NA
"79" 1 7.19580075351001 19.0222465156106 -0.813305738758871 0 0 1 NA
"80" 1 34.5725071456538 30.41361425675 -0.924994160313338 0 0 1 NA
"81" 1 6.23729354249359 6.51949853299414 0.160867416704039 0 1 1 NA
"82" 1 5.88538082891297 5.29731304858885 -0.791911239871726 0 1 1 NA
"83" 1 5.05326812053199 5.34956784610748 -0.08050910656876 0 0 1 NA
"84" 1 17.4980846212116 5.00343822969077 1.14579503854123 1 1 1 NA
"85" 1 11.8055411341031 6.53079571720856 0.298825913820894 1 1 1 NA
"86" 1 12.2285214666592 0.323975209058987 -0.159575765009189 0 0 1 NA
"87" 1 8.83187103612274 2.31410194781119 -0.502557297164598 1 1 0 0.791986642016138
"88" 1 2.190009012924 2.87929351836341 0.135767680257379 1 1 1 NA
"89" 1 0.585089295610627 5.64630193665067 -0.304549994680675 1 1 1 NA
"90" 1 14.4517556080564 7.31861371916961 -1.67298239966061 1 0 1 NA
"91" 1 6.04282296506554 2.71655524867958 0.287575274095253 1 1 0 2.16072029267583
"92" 1 0.846481873297165 9.29815875993748 0.0203804391153102 0 0 1 NA
"93" 1 3.06814509750716 14.0412794011362 -0.739531275991268 1 0 1 NA
"94" 1 18.2077123412944 15.2709274535011 -3.29210353885324 1 0 0 7.35863502011155
"95" 1 4.83140470306043 6.88536396705647 0.8624343327634 0 0 0 1.76342505109793
"96" 1 3.71742328335482 0.338933605729178 1.53832937087758 1 0 0 3.51336244256259
"97" 1 0.133810493842928 17.1386918157635 0.0772128366418039 0 1 1 NA
"98" 1 3.57719117123107 3.03577106561214 0.519308283044104 0 0 0 2.08594296842829
"99" 1 5.44526657754725 7.65156282034431 2.00504060474212 1 0 0 0.809723796709535
"100" 1 7.19291291764234 4.62337652094086 0.0151594820229123 0 0 1 NA
"101" 1 14.8996765730125 0.172308587937906 -0.264725107845832 0 1 0 2.45854127234067
"102" 1 0.560657143493542 0.731913893388814 1.04520650803836 1 0 1 NA
"103" 1 3.54574836040641 6.71669825940223 1.26013800542427 0 1 0 0.814679683914593
"104" 1 13.4434101007743 2.6502803704848 1.01403277406528 1 0 0 1.55466193897046
"105" 1 4.59635558303052 2.03879825949339 0.00554581155377972 0 1 1 NA
"106" 1 14.3387062091077 6.56408809988596 -1.07117004529487 1 0 1 NA
"107" 1 17.1256273311928 15.2262903430119 -2.15094386215633 0 0 1 NA
"108" 1 2.06373654318718 10.2106489994684 -0.515616753497646 1 0 1 NA
"109" 1 0.506818068605897 1.52334045902269 1.89115639567424 1 0 1 NA
"110" 1 10.1516107541054 4.60227304764748 -0.601377892119665 0 1 1 NA
"111" 1 0.845755096781071 23.0385933147798 -0.616250892296897 1 0 1 NA
"112" 1 3.47692646262469 3.75209182282913 0.290077475393184 1 0 1 NA
"113" 1 4.77804751396407 1.06288654234414 1.78121902977652 1 0 0 1.3011262766497
"114" 1 0.34171291472861 13.5114440449579 0.635119954888977 0 0 1 NA
"115" 1 3.209772971145 18.5423508397779 -1.58462460258697 0 0 1 NA
"116" 1 6.84403496023943 0.195755123715803 -0.103728613488212 1 1 1 NA
"117" 1 11.0682689833545 6.79886777728354 1.37719675044229 0 0 0 2.07245111281955
"118" 1 4.12049968052961 1.96961929175937 -0.0779850205862649 0 0 0 1.1448129828553
"119" 1 11.5826522584709 0.203721423630032 -0.756991821681059 1 1 1 NA
"120" 1 6.23913744334009 57.5845598930586 -0.857092847126909 0 1 1 NA
"121" 1 1.77353257198613 0.803679758935134 -0.285563239262327 1 0 1 NA
"122" 1 4.09344141121714 1.86782692956543 0.887852376165853 1 0 1 NA
"123" 1 7.06874846828162 3.59933899364079 0.676423829655844 1 1 1 NA
"124" 1 3.17062449110741 6.05444584216898 0.937105532352855 0 0 0 2.5871754903826
"125" 1 9.21631349689138 13.5100144513437 -0.248642380864631 1 1 1 NA
"126" 1 3.68097548339067 4.98144314580905 -1.64425909215288 0 1 1 NA
"127" 1 9.13869775255396 1.01754600807323 1.53643955333752 1 0 0 4.36442142863229
"128" 1 5.43032443147625 0.0195788405703278 -0.843044712598246 1 1 0 1.58067668399009
"129" 1 9.26953819294551 27.2670940447194 -1.00509781930657 0 1 1 NA
"130" 1 4.84889933263378 3.7237859889653 1.34588854989705 0 0 0 1.53357070610808
"131" 1 19.6021460098072 4.34793932954238 0.137841457556057 0 0 0 3.89672721150808
"132" 1 15.1663821690034 5.85928223871224 0.960550188155753 1 0 0 0.833257831043608
"133" 1 11.4099061741915 8.9299131670325 -0.035050674801989 0 0 1 NA
"134" 1 25.6644650264508 11.5258844379246 -0.12817357859819 1 0 0 0.894441842523931
"135" 1 0.755131024048703 9.16290176971894 0.701627925128585 0 0 1 NA
"136" 1 8.2569227753707 5.55549835929312 -2.12168681187285 1 1 1 NA
"137" 1 11.0421930206306 2.68760109385569 -0.355112909850242 1 0 1 NA
"138" 1 5.08349199532621 4.85241882561738 0.142250015672242 1 1 1 NA
"139" 1 17.434134322046 14.8384142392146 -0.51257556934406 1 0 0 1.56558399809451
"140" 1 42.0257630487217 16.5685713968917 1.19261979361857 0 0 0 0.692217718436339
"141" 1 1.96370881128979 0.675830896049 -1.03697995626416 1 1 1 NA
"142" 1 11.8665680273294 8.90072832324752 -0.0468925852998604 1 0 1 NA
"143" 1 5.20767410938366 17.6094648901886 2.24537601952545 0 0 0 1.16235082072875
"144" 1 5.72770098002137 6.64686602859909 0.0142461978764575 1 0 1 NA
"145" 1 4.15987909248849 10.9335734223172 0.638152322590554 0 0 1 NA
"146" 1 9.70090626018374 22.428434112849 -0.918558939101478 0 1 1 NA
"147" 1 14.0005996163967 8.44670122079997 -0.666470527244639 0 0 1 NA
"148" 1 8.46779160159155 18.1545904976197 -1.29636479095248 0 0 1 NA
"149" 1 8.40388599514855 2.98317888022228 1.95252847078008 0 0 0 2.0623955861852
"150" 1 12.7716163848406 3.77699842678194 -0.577430462213298 1 0 1 NA
"151" 1 3.21480317137362 10.3590574968122 2.11383559785019 0 0 0 2.76686052379743
"152" 1 9.05185022671186 1.04445180264758 0.406581130630151 1 0 0 2.26738494527703
"153" 1 7.77803660470051 3.39961353036335 -0.308066604467963 0 0 1 NA
"154" 1 4.0697663252674 3.80268851478174 0.898441650710334 0 1 1 NA
"155" 1 8.39198448060008 0.98980475069325 0.154056812852263 1 0 1 NA
"156" 1 4.10489781528697 6.52408662755318 -0.154447605984211 0 0 1 NA
"157" 1 34.9593397560352 9.18814743901605 -0.244007868330851 0 1 1 NA
"158" 1 14.9408574204007 7.70973702713399 1.28314762711705 0 1 0 0.259468827211059
"159" 1 6.64145057260103 10.1013682759878 -0.351920934736643 0 1 0 2.6369984642412
"160" 1 3.47709757313114 5.1457843209887 -0.036929025788159 1 0 1 NA
"161" 1 1.2546894383911 5.56952794784639 -0.0945738909534889 0 0 1 NA
"162" 1 19.353890750153 4.44687500764765 -2.58239560053183 0 0 1 NA
"163" 1 3.33260308558801 2.17737587337782 1.55956645465549 1 0 0 2.67893834479644
"164" 1 1.09454649204 1.15248564349361 -0.213144446013588 1 1 1 NA
"165" 1 1.96930813120872 4.30867651522165 -0.500579689990165 1 0 1 NA
"166" 1 11.0411556308349 1.11861185362692 -1.21913730731176 1 0 1 NA
"167" 1 8.46346766617519 5.85775680051024 -0.81486059710225 0 0 1 NA
"168" 1 1.70318409281708 11.948768237164 0.482969992701971 1 0 1 NA
"169" 1 8.75800631744109 12.607488122012 -0.891332737016338 1 0 1 NA
"170" 1 9.86130383034 2.74514374175551 -1.10639115800359 1 0 1 NA
"171" 1 5.50105424241598 15.579565891506 1.20019698312158 1 0 0 1.43985317018071
"172" 1 11.3269524356467 17.7697065464855 1.67151815276404 0 0 1 NA
"173" 1 4.03440751707759 1.95464706129435 -0.078429075309778 1 1 0 2.3529482198302
"174" 1 8.28387041744556 3.53188979444532 0.918550055518588 0 0 0 1.88865264854157
"175" 1 0.455208387339235 2.46013371620972 0.317421476607767 1 0 1 NA
"176" 1 3.43702996394747 6.82500856944163 -0.919787793372865 1 0 1 NA
"177" 1 19.1522199942248 12.5596554294137 -0.0483216311506176 1 0 1 NA
"178" 1 9.14480254640466 25.8856956515179 1.03311366635779 0 0 1 NA
"179" 1 2.64987367171416 16.1379397905463 -0.214850919510982 1 0 1 NA
"180" 1 7.23579625859513 13.9527165830468 0.679918818392779 0 0 0 2.42604968831775
"181" 1 1.78533717310238 5.87356048622732 -0.132418225420908 1 1 1 NA
"182" 1 9.14716117540867 5.45981199508601 0.0618562961510596 1 0 1 NA
"183" 1 4.55459372137853 0.655951757236409 1.26450562653521 1 1 0 3.71885630005502
"184" 1 15.5979389279156 0.546838294688251 -0.225055783166682 0 1 0 1.31311811352409
"185" 1 0.0801820732658705 0.0166012564655054 -0.675957346080555 0 1 1 NA
"186" 1 14.9646393299462 3.6534666341367 0.195399954848275 0 0 1 NA
"187" 1 7.24484055338631 0.675716094908483 -0.324820931175389 0 1 1 NA
"188" 1 17.7598158150021 23.9890104188164 -0.107010629780325 0 0 1 NA
"189" 1 1.09015210242615 11.7687575472092 -1.5375035048099 1 1 1 NA
"190" 1 4.14156587587273 10.3375903299624 0.170591438942887 1 0 1 NA
"191" 1 5.02395253745325 4.72363713860125 1.03288366556895 0 1 0 1.77761135265394
"192" 1 1.66001248324658 6.31741454645266 -0.923588979575922 0 0 1 NA
"193" 1 9.80992386482937 5.28525961178719 -0.697895067017137 0 0 1 NA
"194" 1 5.59867694732996 4.02890313016848 0.563886149413949 0 1 0 0.204581276448822
"195" 1 12.4876992031819 6.28426652657712 0.540570875918132 0 1 1 NA
"196" 1 23.9568917592233 22.1747353203502 -0.523299112773793 0 0 1 NA
"197" 1 1.77514375760586 5.18581723910212 -0.824950567279377 1 0 1 NA
"198" 1 11.5767936943139 7.54082882218971 1.66895936723389 0 1 0 0.876431000355149
"199" 1 2.90732919552443 7.22127860883411 -0.961057588657653 1 1 1 NA
"200" 1 6.80428497049642 8.85407311795509 -1.91273126716223 0 0 1 NA
"201" 0 8.89619847538311 7.37679290604863 -0.580118818834946 0 0 1 NA
"202" 0 3.88642550066348 1.52039666591326 -0.409780188240698 0 1 1 NA
"203" 0 8.78640819315965 1.35239666421442 0.280016324139136 1 0 0 1.2440779913024
"204" 0 0.0794835600298 1.03423679052772 -0.75625933256372 0 1 1 NA
"205" 0 19.9153633414301 13.0126780131929 -1.37794522779026 0 0 1 NA
"206" 0 16.2217707769287 2.80891402222271 -1.29681797052913 0 1 1 NA
"207" 0 8.52863607326677 3.4978598674099 -1.34845939028878 1 0 0 4.41972354191769
"208" 0 5.10198218592477 5.03826044061808 -0.777523061664398 0 1 1 NA
"209" 0 5.82644035888188 2.32671313381594 -0.831492904198043 1 0 1 NA
"210" 0 4.0527732267154 1.46109138279387 -0.386578692482212 1 0 1 NA
"211" 0 4.68326205416646 2.01078268207723 0.334758374195067 0 0 1 NA
"212" 0 31.2307794015197 28.8341051447849 0.199946583772727 0 0 1 NA
"213" 0 5.86502462343896 0.518226333190977 -0.988868620161288 0 1 1 NA
"214" 0 22.8318384342949 3.06603977030007 -1.58469543367993 0 0 0 4.0388098450898
"215" 0 4.84030081809587 5.81757378820399 -0.570030871353701 0 1 1 NA
"216" 0 2.77762330273484 8.26270098177267 0.792739598255076 1 0 1 NA
"217" 0 10.1642291484009 0.390709052878447 -0.00363339768406318 0 0 1 NA
"218" 0 21.1402583797067 3.51122881078024 1.93609527109639 0 0 1 NA
"219" 0 8.51094301163451 9.03865232310058 -1.42941013844066 1 0 1 NA
"220" 0 14.458157556201 53.8361680614486 -1.24675751387091 0 0 1 NA
"221" 0 10.8435381599658 13.3115190437469 0.700703560318134 1 0 0 0.161414425861613
"222" 0 10.8498280681618 3.61221525479914 -0.281352442576315 1 0 1 NA
"223" 0 14.9724791841938 1.26320688075986 2.5857260753184 1 0 0 1.03897310358241
"224" 0 3.81198691605737 5.92363459569785 1.08171202932594 1 0 0 2.58857495106434
"225" 0 5.18173229747443 0.676502481194231 0.913385273444558 0 1 1 NA
"226" 0 16.3192228188492 26.4594856704146 0.0232372194254013 0 0 1 NA
"227" 0 3.16095854221375 12.5468599110221 0.215567363209435 0 0 1 NA
"228" 0 25.0824656711283 5.74532807741296 0.985940927995065 0 0 0 0.475738142829971
"229" 0 3.76877489642677 2.77007875289887 -0.274202882016282 1 0 0 3.57889357211988
"230" 0 7.0709273176963 0.811942127899526 -0.129645689990292 1 1 1 NA
"231" 0 4.20865796193453 5.38656235762598 1.12735707048803 1 0 0 0.936368216507492
"232" 0 3.82867550783919 6.19795729807238 0.432466498833512 1 0 1 NA
"233" 0 20.3343881785566 11.2750004343871 -0.514782462911871 0 0 0 1.85966785827906
"234" 0 2.63515142594662 9.52822302588646 0.65336371847399 1 0 1 NA
"235" 0 13.5922202651822 3.58754130167437 1.24804056562632 0 1 1 NA
"236" 0 38.4209237316653 21.9274426522085 -0.94361572053453 0 0 1 NA
"237" 0 7.9040877746096 2.63314474404435 -0.0839521658908268 1 1 1 NA
"238" 0 1.51469136564322 0.106528397496144 1.01848790716528 0 0 0 1.05504957975376
"239" 0 3.56089270481203 3.98815912110445 -0.10921365689935 1 1 1 NA
"240" 0 6.01131052758494 0.739041144816285 1.69435342610154 1 0 0 0.727140557022982
"241" 0 13.6724471792078 19.8690359935524 0.558335683711364 0 1 1 NA
"242" 0 13.0491159370228 4.50335722518037 0.0543736764662928 1 0 1 NA
"243" 0 8.58430062373463 1.68601367155401 -2.02639390778648 1 0 1 NA
"244" 0 4.7925036026229 28.1656954574668 -1.170576957627 0 0 1 NA
"245" 0 4.41173175967858 2.92068695240262 1.25531595285958 0 1 0 2.19174905302005
"246" 0 5.46698986435643 13.235046335036 -0.136077925361485 1 0 1 NA
"247" 0 16.2233353126364 8.66012477777759 0.0886736868175513 0 0 1 NA
"248" 0 9.90190329689202 4.00060089831915 1.67774722933256 1 0 1 NA
"249" 0 2.63185666256962 11.8290573353715 0.727336763972222 0 0 0 2.10613024092801
"250" 0 5.58326848490537 10.4985907167653 -1.01481076527322 1 0 1 NA
"251" 0 12.6178046091674 0.983581947230773 0.486889414830626 1 0 0 0.502088163690939
"252" 0 11.5435439898031 3.07493909141651 1.59283870653777 0 1 1 NA
"253" 0 3.2667976265158 10.873053189298 -0.0462157082519246 0 0 1 NA
"254" 0 18.8782578940409 13.5661377824424 0.287432703586376 0 1 1 NA
"255" 0 13.7677805992644 17.4349871407052 -0.870827002042754 0 1 0 1.81391385976983
"256" 0 2.36348978981735 13.8811283022893 -0.57327568429111 0 1 1 NA
"257" 0 9.17220476805516 25.880832261127 -0.3807374617576 0 0 1 NA
"258" 0 2.40984803523202 0.56470811862089 0.469846287249794 0 1 0 2.04222654932613
"259" 0 5.42677924147563 26.4919336827172 -0.684459999776102 0 0 1 NA
"260" 0 3.38135975262746 1.15269380954906 0.0261334526669821 1 0 1 NA
"261" 0 8.28401614369397 1.35393114946356 0.316506090582266 1 0 1 NA
"262" 0 2.35630370217769 20.976124787076 -0.0902380728343637 0 1 1 NA
"263" 0 5.11015223694449 2.06530452955453 1.05618663424729 0 0 0 0.73942919296816
"264" 0 10.4547189634257 6.95353383609421 -0.404692515637924 1 0 1 NA
"265" 0 3.18786320208025 11.0362738681852 0.332807895870819 1 1 1 NA
"266" 0 18.3990641161099 1.43717504161738 0.463360893705891 0 0 1 NA
"267" 0 26.9201072902794 16.5058204512867 -0.748290152559953 0 0 1 NA
"268" 0 5.77732717523562 8.4527650688955 0.580643015709826 1 1 1 NA
"269" 0 8.06067584177945 1.63607429275387 1.06683337100373 1 1 1 NA
"270" 0 0.972325507368258 4.69214693191302 0.436470975132742 1 0 1 NA
"271" 0 0.716318368846844 2.47172342355134 0.387804689847264 1 0 1 NA
"272" 0 2.77499938438245 2.44807650821621 -0.0910630748895575 1 0 1 NA
"273" 0 6.79155273425847 6.88346605614757 0.805810547438714 1 0 1 NA
"274" 0 2.37257176671487 0.429061782162241 -0.476663770367854 1 0 1 NA
"275" 0 1.72980294994496 1.58743030868339 -0.797342461275125 1 1 1 NA
"276" 0 6.97554114198673 2.6916813801439 -0.819115791199258 1 1 0 3.71927293946643
"277" 0 11.2134835224482 9.88124969094527 0.110194027790636 0 1 0 2.61044302923968
"278" 0 2.90573414919906 2.57234401997033 -0.0650106757098748 1 1 1 NA
"279" 0 21.9673824529172 15.9253659576921 -2.35159583529112 1 0 1 NA
"280" 0 22.3230672269493 10.1475782399736 -0.447396859913106 0 0 1 NA
"281" 0 1.77110194348922 12.7964554764357 -0.44033276494185 0 1 1 NA
"282" 0 1.88519949811677 5.10661647979652 1.53161830147916 0 0 1 NA
"283" 0 6.27411607321952 3.175489849969 1.06050656570658 0 1 0 0.550892962193682
"284" 0 29.6910077758887 1.74170528281069 -0.540975794205497 0 0 0 4.71622475296303
"285" 0 11.2068879971853 4.60193084192139 -1.03752415275254 0 0 0 5.24428643508032
"286" 0 10.523843288327 7.84622331888461 0.35920641806653 1 0 1 NA
"287" 0 4.26036579668637 11.1416974090089 -1.87033410269706 0 1 1 NA
"288" 0 7.02865920099442 0.00220904395203367 0.0468640011661697 1 0 1 NA
"289" 0 5.66355927667152 5.89295791041055 -0.612397995395642 1 0 1 NA
"290" 0 33.0202374116932 9.47252346726351 -0.468242480792347 0 0 1 NA
"291" 0 16.6302468781603 9.88630817691014 1.10516784614619 0 1 1 NA
"292" 0 4.80047824271332 9.01969689825747 0.222871490034052 1 0 1 NA
"293" 0 12.1746638334242 1.88018268421911 2.16802724896277 0 0 0 2.41396163732427
"294" 0 8.87638703270595 6.25803018050913 -1.30351026854723 0 0 1 NA
"295" 0 18.6776363141698 8.86934102885109 0.848179044867671 0 0 0 1.36369563977007
"296" 0 13.1569754333605 3.41975449237623 2.29177498172027 1 0 1 NA
"297" 0 4.97727735174511 10.0168699640167 -1.16020363178007 0 0 1 NA
"298" 0 5.79460937155175 6.2570870270301 -1.06951373059528 0 0 1 NA
"299" 0 5.8791326827667 4.40209445199326 -0.032182321545843 1 0 1 NA
"300" 0 7.39483949732584 5.22225405879431 -2.14357796037375 0 0 0 1.47460823006933
"301" 0 5.66950750499391 1.46960105770865 1.345786305314 1 0 1 NA
"302" 0 10.6224878570493 7.34774974319287 -0.19935583993883 0 0 0 4.34015899622377
"303" 0 12.847582916891 17.3439240421105 -1.01962675016339 0 0 0 2.56470492811745
"304" 0 21.5110936122291 7.57827507756937 0.572340756522912 0 0 1 NA
"305" 0 1.9554349710551 3.6613080885018 1.06208462183261 1 0 1 NA
"306" 0 0.502000667428079 6.27010603688459 0.121425941626848 1 0 1 NA
"307" 0 2.47618323684794 2.15097979788374 1.37883712687618 0 0 0 1.6694614720473
"308" 0 1.19795391176901 2.62413045906173 1.76590377260078 0 0 1 NA
"309" 0 5.13698951808552 0.527696418505629 -1.71315803458602 1 0 1 NA
"310" 0 3.34774155717766 5.15407953938467 0.852837433348386 1 1 0 1.36797491998526
"311" 0 6.69449611388653 2.40130124104995 0.0130386587987145 0 1 1 NA
"312" 0 1.06665326336173 3.02694267446994 2.76629880700578 1 0 1 NA
"313" 0 0.138368412781676 3.15194527973324 -1.15197063729141 1 0 1 NA
"314" 0 3.22346348239373 9.39960321568756 -0.39225135094339 1 0 1 NA
"315" 0 14.3555771247194 1.77743424081188 -0.192691632609711 0 1 1 NA
"316" 0 12.9148866308447 14.5478177372959 0.0462985563938497 0 0 0 2.83465875659248
"317" 0 14.0677770264771 7.1385146195392 -0.542763531189501 0 1 1 NA
"318" 0 17.7096728325575 0.922635194493085 0.431583173234626 0 0 0 2.00564784236056
"319" 0 22.7591024170792 2.56342235564469 0.65017655270612 1 0 0 2.4260909664544
"320" 0 3.04936487905817 16.0014999281064 -0.602882039910176 1 0 0 1.09148552314178
"321" 0 5.5143539924442 2.04653778374368 0.403932432262724 1 0 1 NA
"322" 0 8.26933720225782 3.63780742256677 -0.940457369118733 1 1 0 0.521549326488799
"323" 0 4.76496878064308 6.00299994664884 1.46916060243899 0 0 0 2.81645960640129
"324" 0 10.4692939537316 7.1306502853424 -0.198778550395219 1 0 1 NA
"325" 0 5.57671536665196 10.4077917028199 0.0354378418033888 0 0 0 2.80562503876074
"326" 0 6.15088615174917 0.523911946466983 -0.904594148528031 1 0 0 4.97900996314115
"327" 0 0.39886063341963 1.96555360947594 -0.441507658354852 0 0 1 NA
"328" 0 31.3898106974723 17.862693843137 -0.912631853175996 0 0 1 NA
"329" 0 7.6071973657202 3.91187116380131 0.64942770222231 1 1 0 2.44801517943517
"330" 0 1.60501323654942 1.31987313427935 -1.10062804574924 1 1 1 NA
"331" 0 1.47169760086846 5.42713931721113 1.83045375317503 1 1 1 NA
"332" 0 19.5146225107384 10.4743221868887 -0.0195275222415865 0 1 0 2.26494823382289
"333" 0 21.9123589064785 25.7781663461538 -0.22768379699453 0 0 1 NA
"334" 0 11.7674662299559 1.15484332871898 -0.670126792510269 0 0 0 1.58879418035935
"335" 0 4.79522407591582 31.3041266999304 0.989334340158701 0 0 0 1.17511190633337
"336" 0 11.598734374505 0.758983165284671 -0.142833523171755 0 1 1 NA
"337" 0 17.1744663153116 5.98595251038841 -1.65383756467008 0 0 0 3.65081092895312
"338" 0 8.7239138768299 2.58242751819241 -0.484769107748031 0 1 1 NA
"339" 0 15.995863215912 0.606835362703696 -0.855349616079399 1 0 1 NA
"340" 0 2.82665202499892 3.50033609509478 -0.238664550204169 1 1 1 NA
"341" 0 4.74551505855339 5.49420841884025 -0.495092035161587 1 1 1 NA
"342" 0 3.27359571229338 0.968743439319305 1.64987619252954 1 0 0 2.41005034485273
"343" 0 10.0889526600486 13.8521589212786 -0.626193368531776 0 0 0 0.93957240754867
"344" 0 7.95270701648239 6.07815899203239 -0.774956228571408 0 1 0 4.61135826164995
"345" 0 19.963759183508 9.86208225606255 -0.499361136465533 0 0 1 NA
"346" 0 11.9598812425697 8.50792473571912 0.0966363304803869 0 0 1 NA
"347" 0 3.17209861930974 18.7315158559015 -0.86914455384858 1 0 1 NA
"348" 0 15.0615419385234 4.30369959872655 -0.136974920319562 0 1 1 NA
"349" 0 4.01841067449593 2.78476513490148 0.139806182337905 1 0 0 3.10895709650908
"350" 0 7.21128402919921 2.66539665358793 -0.110801098161205 1 1 1 NA
"351" 0 4.92596243166664 3.38726005070445 -2.4332988579714 1 0 1 NA
"352" 0 5.65723462274283 0.973280249626979 -0.614495448659474 1 0 0 3.7002942236813
"353" 0 9.52479377640351 0.327602690529612 -0.422947770343428 0 0 1 NA
"354" 0 3.09277207844042 1.17857591717458 1.68091168484893 0 0 0 2.99408766714076
"355" 0 9.53512688618384 8.87201324456359 -0.715625422941401 1 0 1 NA
"356" 0 20.3390654624052 2.76252220742686 1.01975848170088 1 0 0 1.45200268002141
"357" 0 3.78038989768814 4.17125294093411 1.51811650659282 1 0 1 NA
"358" 0 4.47720146851036 11.2869996928543 -0.322427002976076 1 0 1 NA
"359" 0 14.2124545201937 2.26772331841976 0.333941405379397 1 0 1 NA
"360" 0 0.0981856135398863 1.37391706804003 0.0374610668235004 1 1 1 NA
"361" 0 3.6959458096946 18.1749998058268 -0.485265131226718 0 0 1 NA
"362" 0 3.27796992025048 18.4333594746946 -0.440820491580256 0 0 1 NA
"363" 0 8.24017507402459 6.9462664196479 0.830875115985513 0 1 1 NA
"364" 0 7.21903458361648 16.3697966403547 0.87544785390188 0 0 0 2.17626795044565
"365" 0 12.5643557269758 28.0373212574794 -0.292594021465911 1 0 1 NA
"366" 0 8.36531182142279 13.8729877266603 -1.23970424777024 0 1 0 0.607996600972734
"367" 0 5.12415295093464 5.34148225278017 -0.862471205274578 1 0 1 NA
"368" 0 16.1212289302365 2.73908312441018 -2.01201803512901 0 0 1 NA
"369" 0 11.1147836382938 0.990487368362656 -1.23600527642031 1 1 1 NA
"370" 0 1.88740474089444 4.49434857391741 -0.236653208592111 1 1 1 NA
"371" 0 5.72772355367648 9.93292271073176 0.150443857305404 1 0 0 2.44722886873044
"372" 0 20.2240181108337 2.11581105417046 -0.203280484877294 1 0 0 2.30735405707298
"373" 0 7.00508668488354 6.84771185443661 -0.607104854902096 1 0 1 NA
"374" 0 10.3955886987932 23.7512081733393 -0.35035765270229 1 0 1 NA
"375" 0 0.265382910073601 1.03397101117767 1.79791490489207 1 1 1 NA
"376" 0 15.518290369787 1.35411171795391 -1.16367561645372 0 1 1 NA
"377" 0 23.8617977750121 1.70586999508547 -1.62829735903536 1 0 1 NA
"378" 0 6.55665289580406 16.4775268716252 -0.874564607682505 1 0 1 NA
"379" 0 6.45221491683133 3.87915241868583 0.702823813974775 1 0 0 1.13243745245383
"380" 0 20.9152272073777 0.826793527651841 1.36581049446012 1 0 0 0.7760525495979
"381" 0 4.95956588860214 3.50981174415311 1.25333979871826 1 0 0 0.440902249249704
"382" 0 45.2967664480747 2.29972058356349 -0.786850779373317 0 1 1 NA
"383" 0 1.91888862753736 4.15466432402171 2.52828800192153 0 0 0 1.75648564243985
"384" 0 12.1944643643866 8.27740976043376 -0.278814354109636 0 1 0 2.38184116051594
"385" 0 3.30084189187333 0.279214906096546 -0.0158137441652698 1 1 1 NA
"386" 0 4.67771876219975 5.79339719516935 0.858576188169475 1 0 1 NA
"387" 0 1.25547874327546 1.03388048264392 -0.0782343854293769 1 1 1 NA
"388" 0 1.58587334907886 14.2298235010415 -0.353153981944681 1 1 1 NA
"389" 0 5.96053677461323 4.02014225705851 1.36272604713773 1 1 1 NA
