"Z" "Y1" "Y0" "x1" "x2" "x3" "ID" "D"
"1" 1 3.24576236736826 2.52696105472302 -0.956684184720678 1 0 1 NA
"2" 1 5.78384917579545 6.96713382740758 -0.890584011916082 1 0 1 NA
"3" 1 15.9044371311892 8.32192653146921 -1.18203468166045 1 0 1 NA
"4" 1 3.31839580129842 25.2241402321209 -0.162945360687463 0 0 1 NA
"5" 1 14.2111755370273 3.68802374009667 -0.582245589344197 0 1 1 NA
"6" 1 12.2213166275862 10.4683635346621 0.524812147549888 0 0 0 0.806076374990363
"7" 1 1.60675624333896 6.18154710558227 1.04051899812322 1 0 1 NA
"8" 1 12.1427766851918 0.710739033017178 -0.435217999733062 0 0 1 NA
"9" 1 21.2526756883475 0.279973464425839 0.216629263556809 0 0 0 2.21012531099372
"10" 1 3.36653555222887 5.4304702671694 0.0338602508547637 0 1 0 1.62376521996363
"11" 1 1.59263841730872 6.4276572233977 1.28272607389336 1 0 0 0.675917637665202
"12" 1 15.1249589894715 1.27377075620941 0.152676751839549 0 0 1 NA
"13" 1 10.4417486858626 10.9872218393792 0.624385459236948 0 1 1 NA
"14" 1 8.68065204798779 1.71815211287402 -1.47400865742315 1 1 1 NA
"15" 1 1.21693663919259 8.38089620388158 -1.15323745674195 1 0 1 NA
"16" 1 0.727413839879 3.09899546373117 0.73732034373294 1 1 1 NA
"17" 1 5.41657509895355 1.13103037755608 -0.319216268882509 1 0 0 3.28824733893556
"18" 1 8.09218726715838 1.30288676884431 -3.37085888786933 0 0 1 NA
"19" 1 7.75873529140104 16.1386066380631 0.260460168456713 0 0 1 NA
"20" 1 1.70002685900521 6.90596418849907 0.412993237506886 1 0 1 NA
"21" 1 10.2463586705128 0.852606690267843 -0.251349032171045 1 1 1 NA
"22" 1 7.21449321716844 2.89639036868679 -0.0875092580655851 1 0 0 2.18530548474852
"23" 1 4.61765710931376 4.27340902660826 0.339043796740953 1 1 1 NA
"24" 1 24.1569571260235 14.9513079583334 0.613867337150189 0 0 0 1.46830288118921
"25" 1 10.9066849540229 7.70147924278234 -0.0422938332442847 1 0 1 NA
"26" 1 5.63359319953051 8.54094564859707 0.737810225992806 1 0 0 3.17760639518844
"27" 1 4.79835778298848 12.555176185766 0.142814016404225 0 0 1 NA
"28" 1 8.35355759580587 2.41624698207679 0.60330346007926 0 0 1 NA
"29" 1 7.23275967042388 2.33480902452964 0.236695099936236 1 1 0 0.951291253020074
"30" 1 4.03928096238598 1.99444921143149 -0.746003468314313 1 1 0 1.67110683762689
"31" 1 3.35565731363275 44.3978983499514 -0.617628608534331 0 0 1 NA
"32" 1 3.56750129796456 6.361859322644 1.36458786339805 0 1 0 2.31343243468391
"33" 1 6.70025979345202 4.2235278031418 0.347925123266305 0 1 1 NA
"34" 1 4.94934034370939 3.75202136957974 2.5503255952605 1 1 0 0.569057856968439
"35" 1 19.6992174421247 0.214918601198763 -0.768663517860567 1 0 0 2.60367735632792
"36" 1 6.48609235219097 2.64574109120276 -0.301266749522682 1 0 1 NA
"37" 1 8.29177160374412 14.3480735748151 -0.104856070613213 0 0 1 NA
"38" 1 6.14008368159502 1.68424020299569 -2.07424265934823 1 1 1 NA
"39" 1 8.83937187574771 1.27981427363947 -0.621219622873961 1 0 1 NA
"40" 1 18.464978534848 6.2946072442822 0.745791234361366 0 0 1 NA
"41" 1 13.4545515034178 2.24711836325914 0.924416113296403 1 0 1 NA
"42" 1 9.67672207572664 13.7974065917299 0.372670508486661 0 0 0 0.993266636589138
"43" 1 2.77251682235843 1.02066463556051 0.341452016074048 1 1 1 NA
"44" 1 4.02729143144906 8.5141898912142 0.645468917939126 0 0 0 2.20074442577981
"45" 1 7.11170647606555 2.59851548237918 0.134798595071671 1 0 0 2.23872891126906
"46" 1 16.8562112764447 11.8643130438461 -1.28993774298235 1 1 0 1.68912762299871
"47" 1 8.37826932020845 2.07097186714862 0.60691985862387 0 0 1 NA
"48" 1 10.0469051304212 9.38190121352106 0.531889194591216 1 0 1 NA
"49" 1 39.2755270380596 16.62495469109 -1.1347034060982 0 0 1 NA
"50" 1 7.12841344315902 4.12343643669026 -1.92453664812263 0 1 1 NA
"51" 1 16.2205012595416 5.00126559563364 0.730942975145466 0 0 0 3.07902054178238
"52" 1 9.62655570169359 4.25638889275389 0.415032061817958 1 0 1 NA
"53" 1 13.4302030262959 12.393295484882 0.238353829880114 1 0 1 NA
"54" 1 7.64294796076883 21.3499486438917 0.194265828983083 1 0 1 NA
"55" 1 7.57905674189191 0.241807461896843 -1.04158097750274 1 0 1 NA
"56" 1 9.45582328948981 0.646742261805237 1.06936743878883 1 1 1 NA
"57" 1 5.98588255093583 5.64281489635926 0.845993687112023 1 0 0 0.776242351769448
"58" 1 4.9614443828364 4.96707968865898 1.54677164927427 1 1 0 0.809730977923156
"59" 1 0.785056182204617 25.3631361198579 0.532797871293728 1 0 1 NA
"60" 1 10.664699256454 6.31111467771537 0.0691464035302892 1 0 1 NA
"61" 1 2.36223068173267 1.50055370924071 -0.0500000769439775 1 1 0 0.975176300456955
"62" 1 3.46895207484328 38.5646433285524 -0.581962557912581 1 0 1 NA
"63" 1 4.89762095379853 2.57099905349691 0.155385466829965 1 0 0 1.37908162139682
"64" 1 24.3841151554457 6.07496150990863 1.15660325282144 0 0 0 1.91493531363307
"65" 1 2.69115591765631 4.417530942208 -1.29177744986236 1 1 0 1.4285488278172
"66" 1 4.49466441157611 7.86067901823364 1.19649337194664 1 0 0 1.96081948763447
"67" 1 4.52406664592754 1.26846651648102 -0.789869495861935 1 1 1 NA
"68" 1 20.8496947089618 3.37064175222865 -0.4460046959627 1 0 1 NA
"69" 1 9.24447658803267 1.21114761085523 2.11045420379688 0 0 1 NA
"70" 1 5.47065606770365 6.23430942289137 1.04382456493947 0 0 1 NA
"71" 1 20.9099800262189 5.9183964206626 0.020915885598961 1 0 0 1.75736992872719
"72" 1 5.46165104315356 4.21116603998728 0.321858015080331 1 0 1 NA
"73" 1 2.54744191620062 3.38781825739939 1.05888839134806 1 0 1 NA
"74" 1 3.91547618612351 9.51051757432314 -0.0747043162595323 1 0 1 NA
"75" 1 8.17964626680183 0.0618686353564863 0.731307357371751 0 0 1 NA
"76" 1 15.0835006986549 0.772444063464278 -0.585194983094207 1 1 1 NA
"77" 1 5.32122734256998 12.7796524973458 -0.0426319666504904 0 0 0 0.816481627974584
"78" 1 20.9365623678651 13.9890094909524 0.694977306575911 0 0 1 NA
"79" 1 0.560620331483902 7.05894379741856 1.15646163046027 1 0 1 NA
"80" 1 13.3114382611045 2.73864550042525 0.378844684865163 1 1 1 NA
"81" 1 2.21962071248801 1.74701483124126 -1.65660850389323 0 0 1 NA
"82" 1 19.3074672180271 1.21669700723532 -0.575365602813152 1 0 0 4.11420135127925
"83" 1 11.237377030227 1.91456610474513 -0.412476807688408 0 1 1 NA
"84" 1 18.722594763704 21.1546362855277 0.321751483320516 0 0 1 NA
"85" 1 4.43414102101935 0.537683080578974 0.728670688823099 1 0 0 1.31743732040036
"86" 1 6.15599003744902 14.8014499122443 0.833185875770544 0 1 0 2.24898727953438
"87" 1 10.9210610739308 3.08592146644498 -1.8880610508255 0 1 0 2.51674023609111
"88" 1 18.9663522312458 8.78917704563702 0.216272724853872 0 0 1 NA
"89" 1 5.66009805235298 1.19173678053785 0.467110698103692 0 0 0 1.57898902042673
"90" 1 5.88286291573886 22.748416088304 -0.686442037923034 0 0 1 NA
"91" 1 3.99681110291223 14.3749201043479 0.0654884069646332 0 0 1 NA
"92" 1 5.85756196734148 2.88430252789438 -0.245602946690664 1 0 1 NA
"93" 1 17.4538285484045 0.914191740286231 0.759890031331171 1 0 1 NA
"94" 1 7.97830519373413 4.12465047288875 0.382923272540365 0 0 1 NA
"95" 1 3.91012143825013 21.352912484046 1.5342521140859 1 0 0 0.0795346741764121
"96" 1 41.8288658255389 15.2545104716629 -0.61144377339561 0 0 1 NA
"97" 1 16.9640317681906 6.16805905503532 -1.30904566050354 0 1 1 NA
"98" 1 3.06453345968903 1.23598369078886 1.76909020583351 1 0 1 NA
"99" 1 12.5278913297055 9.59117462992716 -3.14120036221586 0 0 1 NA
"100" 1 11.3057135324951 14.1881076037974 -0.976814772846836 0 0 0 2.29825267613637
"101" 1 1.21954778524821 0.635123368616076 1.27989545973547 1 0 1 NA
"102" 1 4.10486178139051 4.95715861864616 -1.18554359788722 0 1 1 NA
"103" 1 3.17275056700736 13.6127522912919 0.66255919481234 0 0 1 NA
"104" 1 38.6254342110018 8.66228212299911 -1.15239931366466 0 0 1 NA
"105" 1 0.704021430065089 7.02720662301447 0.570250529590234 1 0 1 NA
"106" 1 4.74656265524439 0.764388478322297 -0.422253095176164 0 0 0 2.06328864246832
"107" 1 2.27875063713442 1.59564935805541 0.394500341245823 0 0 1 NA
"108" 1 4.224881004479 1.60397184356082 -0.4603420118368 1 1 1 NA
"109" 1 2.08494836695462 3.52591051999252 0.615791189485357 1 1 1 NA
"110" 1 7.24347970645576 3.45842038394586 -0.170991503197441 1 1 1 NA
"111" 1 38.5695422197308 5.09718501249723 -0.361336089960727 1 0 0 1.3609774773583
"112" 1 7.31496625330594 1.7268108977056 0.415307795064304 1 0 0 1.79006732700339
"113" 1 5.00535601750361 0.917801864077292 -0.329244257235667 1 0 1 NA
"114" 1 5.14120348977969 4.53491682842578 0.895512494281468 0 0 0 1.06902332094277
"115" 1 3.19043168784 0.894422702908348 0.611892770541907 1 0 0 2.0536025113876
"116" 1 4.21039992657065 3.08303250218506 0.444505953089841 1 1 1 NA
"117" 1 10.4749636417982 0.176772049978544 -0.138030208036405 1 0 0 2.14980942796859
"118" 1 3.96955729477145 7.43885233100042 1.92160992742124 0 0 1 NA
"119" 1 9.37576274936317 0.463080478206283 1.62439432989039 1 0 1 NA
"120" 1 2.4683359144256 7.32037295543213 0.93022847440933 1 0 0 1.83339607160953
"121" 1 13.7588869871743 9.20664952120074 -0.154711146696502 1 0 1 NA
"122" 1 5.43596392566027 0.70584193287459 2.12285561877716 1 1 0 1.00428625476996
"123" 1 2.29617306956933 1.93278622919667 0.248829837114058 1 0 1 NA
"124" 1 19.3947521020221 2.41335284514664 2.07220316863265 0 0 1 NA
"125" 1 11.4860958212684 0.176920588528275 1.20444451144122 0 1 1 NA
"126" 1 8.9012110573274 0.299005641854269 0.961249548992508 1 0 0 1.47994652132672
"127" 1 15.0636621818183 1.05226296619135 -0.899066650865805 0 1 1 NA
"128" 1 6.13441143619202 10.0126057824481 -0.00924165706676798 0 0 0 3.82253582305887
"129" 1 1.45698220057144 12.4092482410977 0.262337311470151 0 0 1 NA
"130" 1 10.9633774471344 4.71764666513045 -0.524394953336338 0 1 1 NA
"131" 1 9.11707999221991 14.204753936702 -1.22542138004745 1 0 1 NA
"132" 1 1.18058149251606 20.1874310881564 -1.604455552194 1 0 1 NA
"133" 1 19.7944380391498 8.28824172853499 -1.02666782795807 0 1 0 1.93859011663271
"134" 1 2.41191989723785 1.04542259455553 0.622935688587469 1 0 1 NA
"135" 1 7.38815927407257 17.7406620578029 -0.153286622434709 0 1 1 NA
"136" 1 18.2671388964924 1.59434536955607 1.03620579469873 1 0 1 NA
"137" 1 6.60637403344262 7.97037387696992 0.40504184810041 1 1 0 1.86734223445655
"138" 1 5.77099536596964 0.520002768249629 0.672432642379924 0 0 1 NA
"139" 1 6.78311368468757 3.75953889169211 -0.150156583272867 1 1 1 NA
"140" 1 7.88688045473404 6.18883351355266 0.129000319047808 1 0 1 NA
"141" 1 9.73149414877896 5.48262316922759 -0.178087390938584 1 1 1 NA
"142" 1 11.6677571647687 2.83982308858865 2.53871379150111 0 0 1 NA
"143" 1 6.05899049858695 1.55237881271097 -1.74693001753804 1 0 1 NA
"144" 1 18.6432357593637 1.01328157557521 -1.67472962082896 1 0 1 NA
"145" 1 20.6152833260781 27.4901570873733 -0.205176370113153 0 0 1 NA
"146" 1 4.17596530864863 1.05196036261953 0.661303637337993 0 1 1 NA
"147" 1 3.02228882802334 7.70851036137307 -0.381684892857449 1 0 1 NA
"148" 1 5.32352370754064 2.55528624895105 -0.279935601078026 1 0 0 1.94981610919201
"149" 1 26.1955920251675 7.67703848553127 -1.12452384710708 0 0 1 NA
"150" 1 13.2966599452825 8.54154937908828 -0.269968623632366 0 1 0 1.2147930866687
"151" 1 0.898636043373725 6.25127153932255 -1.56819638959985 1 0 1 NA
"152" 1 9.51922969136783 14.9965855360463 -1.17316272701804 0 1 1 NA
"153" 1 0.45506084985609 4.85150678640401 -0.104608766685811 0 0 1 NA
"154" 1 8.76935613782454 1.7804566901825 0.659965308136835 1 0 0 3.57944094582418
"155" 1 1.70731942019737 3.81805209907748 -1.51460892324346 1 0 1 NA
"156" 1 18.6742002349498 4.6229763708059 -0.726309737786818 1 0 1 NA
"157" 1 14.0355480863074 3.75023329031947 1.9664595874297 0 0 0 3.00499057930068
"158" 1 16.9522971248718 8.49880827212122 -2.13517156380538 0 0 1 NA
"159" 1 11.7844735292153 1.32788923125979 1.22920323888157 1 0 0 1.04501840353691
"160" 1 13.0078499335176 4.31862560527197 0.397874773426711 0 0 1 NA
"161" 1 6.66111457441139 1.69938856790794 -0.243128984901144 1 0 1 NA
"162" 1 14.8242378397305 21.3169035737217 -0.662436089892916 0 0 1 NA
"163" 1 6.77494040107349 11.8695484688411 0.165016637572289 1 1 1 NA
"164" 1 4.19916519351054 8.79964872998194 -0.69697801830448 1 0 1 NA
"165" 1 21.6380814487824 9.90796119896434 0.664317466748069 0 0 1 NA
"166" 1 3.36745981088925 24.9388484848033 0.444424038349978 0 0 0 2.15117297334698
"167" 1 20.8222103400363 11.2419824537352 -0.905385908807257 0 0 1 NA
"168" 1 0.232194813645211 1.35621176737419 -0.778545155171899 1 0 1 NA
"169" 1 8.40644211187017 1.83543010661256 0.282282487827641 1 1 1 NA
"170" 1 5.75085417167079 5.82367805112779 -0.064688445612263 1 1 0 1.84761757949975
"171" 1 8.07917155329469 2.27740338071052 0.927653472128335 1 0 1 NA
"172" 1 25.146517474415 15.99203857822 -1.00606714325522 0 0 0 0.175351999808735
"173" 1 3.92192069508374 2.47021061608401 0.990565239062464 1 1 0 1.54101974159835
"174" 1 14.0122206572487 6.17284593893025 -0.924845476946855 1 0 1 NA
"175" 1 1.99642600217788 3.90455764131612 0.0740643222271047 0 0 1 NA
"176" 1 6.47468993037399 7.39964568383833 -1.53136623637403 0 1 1 NA
"177" 1 6.91263571769835 11.30779996801 -1.20192917412067 0 1 1 NA
"178" 1 25.2505863859773 1.2966971268151 -0.088330747349006 0 0 1 NA
"179" 1 4.55225179490975 4.63235695017821 -1.23509563097788 0 1 1 NA
"180" 1 7.37342591144151 4.04332603565531 -0.562628282466013 1 0 1 NA
"181" 1 5.2260570098993 41.3940646435197 -1.05049921645882 0 0 1 NA
"182" 1 6.34633492668851 1.39624983603806 -1.20082086402143 0 1 1 NA
"183" 1 22.0560265318958 0.999581001233856 -0.188553447412736 0 0 1 NA
"184" 1 6.00174349504366 1.70358089701249 -0.987453534925874 1 0 0 0.527685360998228
"185" 1 20.9307642387305 9.6546822929886 0.739577070305166 0 0 1 NA
"186" 1 3.44809626921195 5.17965452528202 -0.967115930980287 0 0 1 NA
"187" 1 0.997110020960814 0.961122350197546 0.0508357209263917 1 0 1 NA
"188" 1 8.37645077070891 6.87471842869262 1.79490843132791 1 0 1 NA
"189" 1 21.4661086797411 3.10540561378171 -1.32680851530646 1 0 0 0.702646463384217
"190" 1 4.2932129754082 1.53522539280865 1.12980686659217 1 0 0 2.7211774728033
"191" 1 19.0043658383082 10.3736087761309 -0.853283015981472 0 0 0 2.15542730180316
"192" 1 2.45179458785727 14.4124986602406 -0.00704368833797527 0 0 1 NA
"193" 1 13.2439875075464 0.12666522232675 0.00718725368612244 1 0 1 NA
"194" 1 3.36210578374418 2.66985096606154 -0.0019872571817204 1 1 1 NA
"195" 1 7.42784152376291 22.4983961415537 0.75997012478767 0 1 1 NA
"196" 1 4.61631008549639 5.87506254550726 -1.39736777194597 1 0 1 NA
"197" 1 8.04654511274554 6.76249500955575 -0.354391970113375 1 0 0 1.98498017506979
"198" 1 2.83368690264799 6.28626693077723 0.159337889627463 1 0 0 1.83152579431108
"199" 1 1.70463892613508 7.23653220899243 0.811884861046946 1 0 1 NA
"200" 1 20.9594592394313 16.1138405374751 0.354487998497922 0 0 0 0.0866590716732893
"201" 0 7.74865598862997 6.43872529757355 1.70813490764077 1 0 1 NA
"202" 0 14.4890808112593 22.0137092768102 -0.909786215534413 0 0 1 NA
"203" 0 9.41020860274173 0.181464705971182 -1.49828084501304 0 1 0 3.4951686992375
"204" 0 11.107845023908 10.597235299664 -0.131229696603602 1 0 0 1.00552264647317
"205" 0 2.74426659902924 10.1900989571392 -0.833169476054679 1 0 1 NA
"206" 0 59.7319147215414 20.2652092677403 -1.6094608713931 0 1 1 NA
"207" 0 7.15154760153175 5.14352222482219 0.297570758938941 1 0 1 NA
"208" 0 6.60279532400324 15.7721563722012 -1.31417776048955 0 0 1 NA
"209" 0 32.1188771713462 11.8635019707523 0.856472523458716 0 0 0 1.72455584360479
"210" 0 1.68125354682535 2.88423600027414 -0.305799607236416 1 0 0 1.12912619277631
"211" 0 2.69291367597795 8.40757903318453 0.699670907243024 0 0 1 NA
"212" 0 3.71775484568392 4.28605095733775 -0.700508265440507 1 1 0 2.25733261849981
"213" 0 31.5932976687612 17.3318815453016 -0.964148092812617 0 1 1 NA
"214" 0 18.9707968309619 8.45611273177386 -1.3569367041074 0 0 1 NA
"215" 0 5.21816481531511 2.99428193800485 0.770552799371797 1 0 1 NA
"216" 0 2.52628529037285 0.588156515096102 1.52912458018221 1 0 1 NA
"217" 0 22.1804913168949 2.2372621605753 1.21930401443432 0 0 0 1.80103474006836
"218" 0 38.569638935671 10.0975185077636 -0.87478624857096 1 0 1 NA
"219" 0 15.8521595068599 2.82384595494314 -0.215589789110005 1 0 1 NA
"220" 0 35.7331376957627 11.2844159849025 0.140804118498097 0 0 1 NA
"221" 0 5.10190018742454 7.1173431827618 -0.519541168834539 0 0 0 0.109149580322368
"222" 0 1.96146147174341 3.52409438805154 -0.557156054453268 1 0 1 NA
"223" 0 4.03385111974719 6.17067987008297 1.08095266323281 1 0 0 1.02934881661568
"224" 0 10.775242488349 10.8003768986729 1.49113909917731 0 0 0 2.81997340218377
"225" 0 53.6356875848201 9.40519319309402 -1.05696696095047 0 0 1 NA
"226" 0 11.9263681925744 3.06572396419293 0.959469217613073 0 1 1 NA
"227" 0 30.2467614339438 20.7427748209577 -1.22753518288647 1 0 1 NA
"228" 0 8.2316822507018 2.66653990745961 0.217111230615427 1 0 1 NA
"229" 0 16.5441671424941 0.806377087533356 -0.408782092148663 1 0 1 NA
"230" 0 12.481431868675 2.14097771957514 0.0417638928513355 0 0 1 NA
"231" 0 25.8332677641461 23.9906144831153 -1.52369061222137 0 1 0 1.43898000910605
"232" 0 1.23045877428728 15.9816703141157 0.39683738418116 1 0 1 NA
"233" 0 3.10549041854088 9.79255338342723 0.151417178198891 1 1 1 NA
"234" 0 4.24118497901538 3.58730430309509 -0.351884721350737 1 0 0 3.44499091896979
"235" 0 7.95563895967393 7.38966561991297 0.464820493262232 1 0 1 NA
"236" 0 2.67103730318166 27.4171930807262 -0.28868790636836 0 0 1 NA
"237" 0 0.613360990778628 8.78642002593246 0.992253279453741 0 0 1 NA
"238" 0 31.7550452985493 9.67152406716101 -0.99441255901581 1 0 1 NA
"239" 0 44.4736929894456 29.9592404553413 -0.421193379290931 0 0 1 NA
"240" 0 11.3383763615775 6.57132686581695 0.400939527392879 1 0 1 NA
"241" 0 7.83750922171201 1.85575064440435 0.207770520845192 1 1 1 NA
"242" 0 6.43667506208047 4.11435552014398 1.10387204297838 0 1 1 NA
"243" 0 8.4053661274928 1.68445629921892 1.65059392189414 0 1 0 1.42646710343681
"244" 0 8.98564727928937 9.03796029309811 -0.498651902738631 1 0 1 NA
"245" 0 5.45111620348676 0.692379118704479 -1.42688599170528 0 0 1 NA
"246" 0 14.6230489485999 3.82709084672516 -0.343229921181612 0 0 0 3.2664976117049
"247" 0 9.99103325742412 0.685048850985792 1.39942690973977 0 0 0 0.960705179305546
"248" 0 21.7400617708255 27.0830065082932 0.545168853889085 0 0 0 2.57066139144741
"249" 0 6.57511646362086 0.49213964712008 1.51603233304045 0 1 0 1.46378260558928
"250" 0 4.05887486916869 2.17606393721691 0.00137610826277037 1 1 1 NA
"251" 0 18.7003721571922 3.00980491338646 -0.574993046932738 0 0 1 NA
"252" 0 3.8156717335709 3.26810387921679 -0.197214286055012 0 1 0 1.41725991518683
"253" 0 9.52679051608467 1.88037732983804 -0.674451402201448 1 1 1 NA
"254" 0 12.40005518194 7.73575163495779 0.0462354306077027 0 0 0 3.15510019181896
"255" 0 18.3246253688672 32.1210703524643 0.600436020910382 0 0 0 1.49736809703201
"256" 0 34.9337249457134 8.03514493233009 -0.458119236679554 0 0 1 NA
"257" 0 13.3312229812523 1.55843465500922 1.52102777965937 0 0 0 0.642242877034173
"258" 0 12.0984402365217 8.59160534484289 -1.66936448745577 1 1 1 NA
"259" 0 12.7730729072085 4.95092774159097 -1.17273514484711 1 1 1 NA
"260" 0 5.55007864044494 8.26523957050985 0.537441656924821 1 0 0 0.371297527003773
"261" 0 1.87128396492744 5.50473167668889 -0.634962443031646 0 1 1 NA
"262" 0 3.45130418492413 3.05150831219105 0.445669955029411 0 1 1 NA
"263" 0 17.0308611173472 8.02666472394227 1.49900327066886 0 0 0 2.88293740003625
"264" 0 10.5950682735185 5.62454546541439 0.234938897908901 0 0 0 0.662555985646428
"265" 0 7.58700182380264 1.25374720522292 0.705000343444241 0 0 1 NA
"266" 0 4.39281945695847 21.1498916680513 -0.374170204983467 1 0 1 NA
"267" 0 9.2453543624396 18.0954499672452 0.0469759099224696 0 0 0 2.98229702245304
"268" 0 3.94438623684369 1.84399932004926 -0.834350448208611 1 1 1 NA
"269" 0 6.22104442383242 11.2493963057626 -2.09524134273537 0 0 1 NA
"270" 0 32.0528447333846 19.5652045756162 -0.566043794301305 0 0 1 NA
"271" 0 4.46279374293876 0.781592286924516 0.68929357618468 1 1 1 NA
"272" 0 5.32879899264611 3.41873133612815 -1.77711987604438 1 0 1 NA
"273" 0 5.33454080447303 1.42621893099943 1.46295804965579 1 1 1 NA
"274" 0 2.70461371082847 3.17942903174237 -1.64854646433689 1 1 1 NA
"275" 0 3.63338730141611 5.50697743310688 0.683421054861334 1 0 0 2.49603461268314
"276" 0 3.92716722397241 1.23893657268301 0.297914468892009 1 0 0 1.69882956754843
"277" 0 5.17298067749092 2.89331925180743 0.701137117594513 0 1 0 2.94515974261921
"278" 0 8.94517410844332 8.3554905196836 -1.15951628413202 1 0 1 NA
"279" 0 4.4977022359984 0.28823488621573 -1.02336749458663 1 1 1 NA
"280" 0 37.1956772316512 19.9621060003054 -0.357633804018987 0 0 1 NA
"281" 0 2.81778977849788 1.09467373676526 0.831757980925587 1 0 1 NA
"282" 0 21.1206714110258 8.63076886724353 0.609400941393189 0 0 1 NA
"283" 0 15.6065905070909 10.260197633965 -1.3624236103853 1 0 1 NA
"284" 0 2.36164075959667 1.47744746164256 -0.783271480151208 0 1 1 NA
"285" 0 7.17573690129449 4.76126533324396 -0.229993170497693 1 0 1 NA
"286" 0 4.48134798380949 0.582946833799165 -0.287869816109057 1 0 1 NA
"287" 0 1.23107000344415 0.817263513981404 -1.74499928037533 1 0 1 NA
"288" 0 11.7750728085057 7.02692012572645 0.873438503923032 0 0 1 NA
"289" 0 0.2542163478874 4.53355453548892 0.281124777609825 1 0 1 NA
"290" 0 29.171361412849 1.74398958495525 -0.297254308721122 0 1 1 NA
"291" 0 2.81471323564082 21.1892366111981 -0.137997874762022 1 0 0 0.399681101886622
"292" 0 3.05921110806555 9.34050031150187 -0.298641809212034 0 1 1 NA
"293" 0 4.30426776638492 5.71703518598262 1.31804554170132 1 0 0 1.50042207880696
"294" 0 1.20972045436621 4.5240380381558 1.56662647430447 1 0 0 0.212974684507858
"295" 0 7.37714272431274 0.509271083115917 0.115019345332624 1 1 1 NA
"296" 0 1.80193659204454 0.898784016521912 1.24967303753088 1 0 1 NA
"297" 0 5.37284824818336 10.4222014988772 0.243444114397331 1 1 1 NA
"298" 0 7.57897073245428 10.6565197977432 1.48640118927862 0 0 1 NA
"299" 0 13.038288920877 9.62250306116299 0.385353863436453 0 1 1 NA
"300" 0 27.2560367646981 5.65991462852848 -0.525280291452959 0 1 1 NA
"301" 0 1.30925429730604 12.0957348312387 0.195551973109743 0 1 1 NA
"302" 0 17.7241361775097 1.69866668229945 0.212153162122265 1 0 1 NA
"303" 0 1.45657404913207 2.06338603958068 1.84888818479236 0 0 0 1.30582738248831
"304" 0 14.0625131751154 9.24626267724405 0.864572639998644 0 0 0 1.59063134909702
"305" 0 3.61872609490267 2.01044823131794 0.974887284764278 1 0 0 2.52638954159983
"306" 0 25.4589556841886 1.3462567071079 1.41528190681909 0 1 0 0.844667014451983
"307" 0 23.3291388737921 10.2837848239262 -2.19632559887471 1 1 1 NA
"308" 0 3.66370898090476 5.99684739237644 -0.472644184554269 1 0 1 NA
"309" 0 5.60214482824977 4.60828186341443 -0.355469473811196 1 0 1 NA
"310" 0 6.59801428651369 6.72293766857506 0.0585420986958854 1 0 1 NA
"311" 0 22.7255271803289 8.35475744465743 -1.15276769329924 1 0 1 NA
"312" 0 7.42933336217611 2.52755790195412 2.01434938473456 0 0 0 2.10870980109181
"313" 0 16.2147573122482 6.19733266991234 -1.35622567295018 1 0 1 NA
"314" 0 2.56832772034982 4.17595227363883 -0.210944482600036 0 0 1 NA
"315" 0 19.8206272598649 13.4889657339903 -0.934230286362621 1 0 1 NA
"316" 0 3.70433555616568 0.913457371852872 1.28173680980987 0 0 0 1.96452410638841
"317" 0 0.419895671835529 4.93979895654375 0.975393759518824 1 0 1 NA
"318" 0 10.2956025956832 2.33642208311276 -0.991071134676263 1 1 1 NA
"319" 0 21.9470372299138 3.13368097131078 -0.636964823915076 0 0 1 NA
"320" 0 3.04785186157182 2.36813874318315 0.242442182104311 0 0 0 1.41848277418075
"321" 0 5.63391628131169 0.922209485734307 0.960356960433581 1 0 1 NA
"322" 0 34.2453573197765 10.649005221074 -1.32574536652688 1 0 1 NA
"323" 0 25.6094093616385 7.1207063780555 -0.743704177249058 0 0 0 0.42755995883933
"324" 0 9.43845274862255 4.30504543268864 0.755352566051817 1 0 1 NA
"325" 0 26.5280210516007 2.73614430348705 0.317648342852835 0 0 0 1.06155635963521
"326" 0 8.07694715756405 9.28514305550794 0.312381531420352 0 0 1 NA
"327" 0 4.35123489174378 9.15464965654913 0.86878034324423 0 0 0 1.70420675899142
"328" 0 5.2101532310476 3.24055191542546 0.51796495493254 0 0 1 NA
"329" 0 102.378633530998 41.9669129746114 1.09295964889856 0 0 0 0.040269589469856
"330" 0 8.49242599850436 2.10180639832551 0.665754137007818 0 0 1 NA
"331" 0 3.79988855040369 3.29310480949565 1.48713517710822 1 1 1 NA
"332" 0 16.7665057688379 27.4750516635044 0.111299247905887 0 0 1 NA
"333" 0 8.3377897118079 32.3374737323639 -0.237234517437306 0 0 1 NA
"334" 0 11.3879793845007 4.16353564047571 2.08759338901619 0 0 0 1.52754581357286
"335" 0 1.37381509386718 8.22322338734365 -1.41489527784451 1 0 1 NA
"336" 0 43.1117226556572 18.9086241754809 -0.876938974829927 0 0 0 1.73158648930962
"337" 0 2.65013649017634 1.53529509891167 0.758796904037702 0 0 1 NA
"338" 0 2.11938070424581 6.56351070077293 -1.09719815385337 1 0 1 NA
"339" 0 2.69682760333691 4.46019990082434 2.46035761238808 0 1 0 1.60912679039617
"340" 0 42.944070790197 20.0797850656289 -2.42877685144325 0 0 1 NA
"341" 0 7.29810001508503 10.9734755404114 0.115579240178223 0 0 1 NA
"342" 0 9.11793011018482 8.78838154258924 0.142485517743707 1 0 1 NA
"343" 0 2.5221849511247 3.05828223720645 0.0609203282179636 1 0 1 NA
"344" 0 16.8458510861334 4.03314430684534 0.882698563322603 0 1 1 NA
"345" 0 5.44470350217596 8.28387581622094 -1.2960452420889 0 0 1 NA
"346" 0 24.1405035313836 18.2347113594593 0.181611681925381 0 1 0 2.56619211567376
"347" 0 0.807021243722247 1.24908764564922 0.86219298473375 1 1 1 NA
"348" 0 23.1621093250257 2.63068927868681 1.10377449708972 1 0 1 NA
"349" 0 9.75796106401297 16.3702782072617 -0.527955776705027 0 0 1 NA
"350" 0 5.56788839491741 19.0577144814893 -2.29028671421309 0 0 1 NA
"351" 0 5.63038982936638 14.7229382098968 -0.606778666744024 0 0 0 3.60038592567747
"352" 0 5.09550156866175 1.07739792567691 -0.233827619340747 1 0 0 1.44599792541055
"353" 0 10.4948093395909 8.36652221164755 -1.72086877334977 0 1 1 NA
"354" 0 6.89323867073845 7.45960069815375 0.352791925389186 1 0 1 NA
"355" 0 3.92051235033247 6.28540964861536 1.41279779946287 1 0 1 NA
"356" 0 4.12005351595305 5.0913995628655 -1.0256224456737 1 1 1 NA
"357" 0 1.74768572393255 2.2561559824685 0.462182455701126 1 0 1 NA
"358" 0 2.55598625519493 6.2220864919216 1.19568185436409 0 0 0 1.96817515671569
"359" 0 2.57282073609886 2.38843144495148 -0.380592427078075 1 0 1 NA
"360" 0 3.91801193707495 5.71223702709962 1.02125227892579 1 1 1 NA
"361" 0 6.44530320095981 10.7453161443183 0.408345854882524 0 0 0 2.41312201504432
"362" 0 1.66128947737702 9.15657713931276 -1.30227829176841 0 1 1 NA
"363" 0 32.219822693212 43.653590977919 -0.0844770734145021 0 0 0 0.486043819277034
"364" 0 12.9206802830412 1.59006924202237 2.58082506562499 0 1 1 NA
"365" 0 22.6203715706939 3.26129086845115 -1.76393538871103 0 0 1 NA
"366" 0 4.30040538262999 21.6265301470527 -0.0440237575924453 1 0 1 NA
"367" 0 34.8961163829186 6.4732723052891 2.26433815646535 0 0 1 NA
"368" 0 22.851661689776 0.0786197767840841 -0.319377396388804 0 0 1 NA
"369" 0 1.3478554690308 3.13120670181737 -1.37065980742068 1 1 1 NA
"370" 0 14.0589631931834 6.02241882660584 0.380473770232067 1 1 1 NA
"371" 0 5.96620653346859 5.01114278444231 0.149540056100211 0 1 0 3.44509564720788
"372" 0 7.53818317091602 9.70946560506683 -1.33792960908465 0 0 1 NA
"373" 0 8.60154257917098 11.2675762643917 -0.877678009581324 0 0 0 2.61522517557308
"374" 0 0.0177046442770063 3.51772456604276 -0.232420186807963 1 1 1 NA
"375" 0 2.95999583804087 1.61948656508495 0.0931456173070577 1 0 1 NA
"376" 0 4.88285662256244 0.344742619762733 0.866104644719431 1 1 0 1.90991052273605
"377" 0 7.82468810042903 1.10562733296533 0.396692056817668 0 0 0 2.29152332167155
"378" 0 12.7613736545281 1.70624148030206 1.40299471914166 0 0 0 0.962439309572612
"379" 0 7.0620140573339 2.28838402893055 0.339525091448844 0 0 0 1.30300674162945
"380" 0 7.17089974650724 0.837538002531525 -0.071319768682504 0 0 1 NA
"381" 0 2.54530454658844 1.51107825686532 0.552391709984474 1 0 0 1.19995897217693
"382" 0 12.5275614266405 2.5526199137603 0.646421259266345 0 0 0 4.51229461346361
"383" 0 13.9131640196439 34.2310513935853 -0.343912487743298 0 0 1 NA
"384" 0 43.6437676793013 1.77620789550117 -1.91342703637407 0 0 1 NA
"385" 0 2.3463972918512 3.61601896227856 0.777712864075379 1 1 1 NA
"386" 0 8.28569464409067 15.9245616880186 -0.873717732652938 0 0 0 5.01663433440576
"387" 0 16.9984653032633 13.6231910632903 0.107859281512258 0 0 0 1.53749741849664
"388" 0 23.9628528402456 2.59540587899384 -0.822798145235364 1 0 1 NA
"389" 0 31.4905370233413 1.40346301268723 -0.427604401511611 0 0 1 NA
