"Z" "Y1" "Y0" "x1" "x2" "x3" "ID" "D"
"1" 1 6.30581058032455 3.24235898773312 -0.246308550867608 1 1 0 1.79718859600544
"2" 1 11.7328109638308 2.33899187648752 0.143056932058557 1 0 1 NA
"3" 1 21.4275551920191 4.98742215448983 0.62565499591245 1 0 0 1.56376252094892
"4" 1 7.94410506485831 14.3110806954362 0.892670897246712 0 0 1 NA
"5" 1 8.58112457354493 3.43572148906189 1.0400234442566 1 1 1 NA
"6" 1 4.70265355753203 1.94480647087053 1.06473203504121 1 0 1 NA
"7" 1 8.47160366281815 2.85208961930922 1.18830820281208 0 0 0 1.85204157906737
"8" 1 5.35357926112713 0.328744385565313 0.334821140277697 0 0 1 NA
"9" 1 6.18374499970152 7.39424188519732 -1.52064004305221 1 0 1 NA
"10" 1 2.66896277223362 4.41230416271736 -0.555540793205303 0 1 1 NA
"11" 1 8.93851818585602 6.65559390856013 -0.560292888125797 0 1 1 NA
"12" 1 4.06507992840701 6.25384065925082 0.0848356754146313 1 1 1 NA
"13" 1 28.7502645643883 1.31321654389867 0.283536632644779 0 0 0 3.1321648787707
"14" 1 4.48348430632612 2.23899507008018 -1.84129513712803 1 1 1 NA
"15" 1 4.47496526314778 0.261408750064657 1.19324284438508 1 0 0 3.05340307899783
"16" 1 7.49700743692931 19.3348704622803 -0.12261260125533 0 0 1 NA
"17" 1 2.71888898488236 7.39212070651604 0.134079898886856 1 1 1 NA
"18" 1 13.4161622219489 1.00644173377519 1.14320861094661 1 0 1 NA
"19" 1 7.94267108047507 3.75936822721534 -0.670383582721865 0 0 0 4.63961194446723
"20" 1 12.6561424935136 19.3221352871112 0.00490532078035321 1 0 1 NA
"21" 1 15.4019803156667 0.81709036972586 -1.10838662492879 1 1 1 NA
"22" 1 20.614103759445 10.8187334317355 0.862419816987787 0 0 0 1.75340971764052
"23" 1 5.33597913286845 0.130128162638347 0.394149639503939 1 1 0 2.60696172569381
"24" 1 12.6235547568994 11.9981824613318 -2.24476651022372 1 1 1 NA
"25" 1 4.89196665893772 1.19629563513115 -1.13032991228415 1 0 1 NA
"26" 1 17.2384524061657 1.17598406821244 0.80436107088121 0 1 1 NA
"27" 1 0.950713037498636 1.34644947168968 -0.255400221340248 0 0 1 NA
"28" 1 1.88888273294068 5.70172362624666 0.564131381464499 0 0 0 1.24034747237431
"29" 1 4.24029905950735 4.78641659564597 1.2937260220347 1 0 1 NA
"30" 1 5.87653686037923 7.2735653101541 1.61240314182872 0 1 0 1.3136686153517
"31" 1 7.18361424165483 10.2115695884763 -0.348904145568036 1 1 1 NA
"32" 1 4.94851025004579 21.7126612080112 -0.229435317097322 1 1 1 NA
"33" 1 25.1727582947174 14.407902930024 0.595348477122984 0 0 0 0.432447030749572
"34" 1 6.91652878773548 17.638524780041 0.339267166178157 0 0 0 0.621651185813744
"35" 1 7.26552175391784 2.8771769212518 -0.201714645994609 1 0 0 2.56583180473434
"36" 1 45.4783019554851 4.91748565292504 -0.718934713533282 1 0 1 NA
"37" 1 15.2298712759042 4.69353966414888 0.426420337031224 1 0 1 NA
"38" 1 9.74276061479652 12.597967182901 0.851038847452818 0 1 1 NA
"39" 1 11.4805215908595 1.15126035340951 -0.435865485852063 0 0 1 NA
"40" 1 5.54252464520058 8.39644446195821 -1.3717900629362 1 1 1 NA
"41" 1 2.21957816292225 2.04513239411874 0.815412360215215 1 1 0 2.12395145866876
"42" 1 14.4795848319264 0.348408644725665 2.11642850501105 0 0 0 0.427758254592612
"43" 1 2.22015878545988 0.371560602299398 -1.37407400238098 1 1 1 NA
"44" 1 15.0688183935735 1.09259671735013 0.605900680064252 0 1 1 NA
"45" 1 19.8697348708569 14.0008953796304 -0.691616275542127 1 0 1 NA
"46" 1 13.7265221462075 10.5364605549695 0.389805188140572 1 1 1 NA
"47" 1 18.0967825609761 1.76846179606349 0.368882979049889 1 0 1 NA
"48" 1 5.77133951413213 74.2140185904129 -1.42002918033664 0 0 1 NA
"49" 1 2.90520933931766 0.48966294280114 0.748107484125148 1 1 1 NA
"50" 1 6.83488083992805 4.93498551577561 1.08520853179847 1 0 1 NA
"51" 1 9.53051615902245 3.83269635775342 0.399931572320205 1 1 1 NA
"52" 1 0.709592692533543 12.3000133052797 -1.53675570401765 0 1 1 NA
"53" 1 27.2172819107363 4.76457190892549 0.835816054052852 0 0 0 3.3308929277338
"54" 1 5.46893924998656 0.231035778328999 -0.00883046286029198 1 0 0 4.72922001582713
"55" 1 6.533086346511 0.0959798157973807 -0.420590892139079 0 0 1 NA
"56" 1 2.47583927915716 3.40259935044364 -0.87129472490468 1 1 1 NA
"57" 1 7.79341180108125 2.70605093451127 0.267055258073108 1 0 1 NA
"58" 1 4.24210420460856 1.0850580435118 -0.089599597319265 1 0 1 NA
"59" 1 27.7047207139017 0.850864819687727 -1.4033409227612 0 0 1 NA
"60" 1 9.02580601468852 10.1746890326521 -1.59794149659159 0 1 1 NA
"61" 1 0.347412153731798 5.10865596295212 0.474945373134219 1 1 1 NA
"62" 1 5.05081208067596 5.23332083927972 -1.29809743734597 0 1 1 NA
"63" 1 26.3769029292946 4.7853621435636 -0.217000286568706 1 0 1 NA
"64" 1 4.05749526746066 9.35787672201274 0.211428748205718 1 0 1 NA
"65" 1 3.35797720559129 5.24732488263902 2.1957533367899 1 0 1 NA
"66" 1 13.4211924527467 23.9377412129162 -0.479576324161151 0 1 0 2.07235592733137
"67" 1 5.35261374814893 1.75107950356513 0.351883524535018 1 1 0 3.91085716662725
"68" 1 15.4221241424526 9.48409088673066 -0.97396815343652 0 0 1 NA
"69" 1 2.4018706480379 8.10115366516511 2.45370832426787 0 0 1 NA
"70" 1 1.57733152014681 1.30066314549495 0.428665289882727 1 1 1 NA
"71" 1 1.26166294710319 6.65318832228355 0.451138832523984 0 0 1 NA
"72" 1 30.7236860424775 19.4439704349668 0.183975595513321 0 0 1 NA
"73" 1 3.62848586048709 5.4127572205137 1.54768075340879 0 0 1 NA
"74" 1 1.00539852605453 5.15136456088807 2.45372639123856 1 0 0 0.812756962608703
"75" 1 0.7782610770507 0.317653808835179 0.537345149911738 1 1 1 NA
"76" 1 2.7882420803684 15.5100390924737 -0.406469752973923 0 0 0 1.3094604010195
"77" 1 11.35579704022 7.30811607674937 -0.405150565647856 0 0 1 NA
"78" 1 3.91416109460615 10.4216591337688 2.576898862055 1 0 1 NA
"79" 1 7.03667156794699 12.9642443735279 -0.343399808059387 0 0 1 NA
"80" 1 0.508957944419517 3.91045293628506 -0.275180794975828 1 1 1 NA
"81" 1 13.7164459310634 13.7480948958992 0.292992107023691 0 0 1 NA
"82" 1 20.6399072880022 0.695560824570871 1.25156949602314 0 0 0 3.09485361480684
"83" 1 6.34649527779022 8.51976191171291 -0.76710245185517 1 1 1 NA
"84" 1 5.59065410417737 3.0813627765948 0.416483251765836 1 1 1 NA
"85" 1 9.71042365889826 3.90152181607949 -0.816724991980007 1 1 1 NA
"86" 1 4.19684633572311 9.44632430249145 1.71926870218593 0 0 1 NA
"87" 1 0.984989504222467 4.7760229741563 0.207958463222488 1 1 1 NA
"88" 1 4.78620574174827 2.53500260737644 0.219802033365741 1 0 1 NA
"89" 1 5.72881011340599 3.13413247525769 -0.832099132732508 1 0 0 3.39079864192919
"90" 1 0.908391394079023 6.87700957880674 0.516833815714356 0 1 1 NA
"91" 1 2.04828815366467 11.9428482522876 0.352595818850452 0 0 1 NA
"92" 1 12.8870669343813 11.9877439699279 1.29024506635474 0 0 1 NA
"93" 1 11.8617027638793 5.20232458579991 0.219427258331302 1 0 1 NA
"94" 1 59.0204739232052 9.89199391840133 -2.16179726683204 0 0 1 NA
"95" 1 2.21722137033486 20.0335026804907 -0.122990451168753 0 0 1 NA
"96" 1 5.78771701081818 2.06785225092663 0.378463296909722 1 0 0 1.27051497135112
"97" 1 6.47447295948449 25.5675418850564 -0.390812824458549 1 0 0 0.777494676289479
"98" 1 14.6977657822097 0.24903228840302 0.15015705960165 1 0 0 3.22208817748577
"99" 1 12.7255284319823 14.740844090047 0.310744547319526 0 0 1 NA
"100" 1 20.2884128166094 4.98663155884875 -0.00146601156716801 0 0 0 2.53592405213468
"101" 1 3.93197048620392 2.89623375514054 0.903330774074287 1 1 1 NA
"102" 1 18.0342225443091 14.348479507384 -0.454892762879312 1 0 1 NA
"103" 1 31.7485967624937 16.070008585543 0.431748302784841 0 0 0 2.96747524862696
"104" 1 12.9486191630414 0.934941793215669 0.66494925779791 0 0 1 NA
"105" 1 9.25735353206671 6.45047794955305 0.390049195191623 0 0 1 NA
"106" 1 4.07622363095324 11.2793597418061 -0.0557043443538883 0 0 1 NA
"107" 1 17.79708104601 18.4101460972979 -0.648040837220255 1 0 1 NA
"108" 1 11.489715540462 0.587419102167487 2.01218921099556 1 0 1 NA
"109" 1 5.34535496234311 0.243398096540801 0.630462396568133 0 1 1 NA
"110" 1 10.7608434911266 6.93479354028873 0.392482813722396 0 0 1 NA
"111" 1 21.8416977156114 0.105016585070583 -0.794135020004461 1 0 1 NA
"112" 1 18.2520952462301 1.83051742432973 0.132182493838082 1 0 1 NA
"113" 1 19.001039231362 9.36321364080217 0.910071821606555 1 0 0 0.306237650087098
"114" 1 4.43622959088926 4.272320583538 -0.668177181898987 1 0 1 NA
"115" 1 3.85657304065506 6.96673504691616 0.918168958599197 0 0 0 0.590113658411548
"116" 1 25.3009085218484 10.4181730415457 -0.743882004763945 1 0 1 NA
"117" 1 34.3020321042839 11.4141783547347 -1.0065018252578 1 0 1 NA
"118" 1 28.4099301565575 13.1598177686007 -0.496692526671 0 0 0 2.77416033869115
"119" 1 7.78101027113183 1.78849445017509 -0.901648180687774 1 0 1 NA
"120" 1 5.81820988594779 3.00741646011969 -2.30547036766497 0 0 1 NA
"121" 1 35.5992222388509 19.4192219598664 -1.00361561710254 0 1 1 NA
"122" 1 15.8996687678805 4.47663729328283 -0.831415420886365 0 1 1 NA
"123" 1 9.39077197984043 1.34907130752689 -1.10361896187245 1 0 1 NA
"124" 1 3.70694014073552 3.00963815771991 -0.481104094418146 1 1 0 2.84243232394399
"125" 1 2.2054700773577 0.386687317440162 -0.690954249787454 0 1 1 NA
"126" 1 13.3823483067444 6.07949773492804 -0.104172985238944 0 0 1 NA
"127" 1 7.84869856141521 4.22520477402005 -1.90714054601328 1 0 1 NA
"128" 1 17.4760470077578 7.11092208673742 1.77956628046387 0 0 1 NA
"129" 1 17.054751096049 18.2466339939384 -2.23249181910953 1 0 0 2.3236365454141
"130" 1 24.1940013366812 2.64042824651921 -0.793748010694177 1 1 1 NA
"131" 1 2.47371268514073 12.7741155399741 -0.00157959530055833 0 0 1 NA
"132" 1 5.45749894305641 6.59142867854591 0.179154798626096 1 0 1 NA
"133" 1 0.591515835359517 6.60275956321306 1.08198583594481 1 1 1 NA
"134" 1 4.03197536757936 5.48659075973796 -0.320293760312126 1 0 1 NA
"135" 1 7.55309806639342 16.0947621740054 -0.474526006243318 1 0 0 0.7048407334422
"136" 1 7.55210999736172 0.908850536451516 0.647808473673478 1 1 0 2.52902676908644
"137" 1 4.47160283715785 1.3094953238977 1.10608278374318 0 1 1 NA
"138" 1 8.57520370498256 7.54869214534907 -0.249612347056586 1 0 1 NA
"139" 1 14.3620276738495 8.3547699998053 -0.404721364955869 0 0 0 0.722805292802136
"140" 1 9.90134158932795 0.824436924220488 -0.585288652497136 1 0 0 1.95430470397113
"141" 1 9.29465524156979 12.4951144406589 0.791333698130885 0 1 1 NA
"142" 1 5.50694078950187 0.885396173202174 -0.836773872577216 1 1 0 0.967541514624751
"143" 1 23.1934524956464 6.81334953355774 0.0781496294904257 0 0 1 NA
"144" 1 21.710616939825 2.36313874719874 -0.695027336550752 0 0 0 1.02425378469692
"145" 1 24.368791909316 9.13415262629943 -1.36249717085864 1 0 1 NA
"146" 1 5.64386765516563 2.70339525252792 2.49600595857839 1 0 0 1.71847370428681
"147" 1 3.71093669008661 14.1752906393858 0.144577153398412 1 0 1 NA
"148" 1 14.8657480371744 0.326528932959364 0.0562884041720557 1 0 1 NA
"149" 1 2.72896820352438 2.65173177860675 -0.222721186697032 1 0 1 NA
"150" 1 17.7233599904003 4.08268965472802 -0.808342594263209 0 1 1 NA
"151" 1 0.813485622229314 14.2428655442629 0.617459187610953 1 0 1 NA
"152" 1 6.97228384072719 0.420098254746479 0.535683677671617 0 0 1 NA
"153" 1 18.5361950455298 4.25548254908512 1.10050725435681 0 1 0 2.6374171681449
"154" 1 5.60916824941761 19.752150117636 -0.519810456907971 0 1 1 NA
"155" 1 0.0729758671732462 25.1368282966557 -1.25433837446407 0 0 1 NA
"156" 1 6.16481308451795 13.0703859380438 -1.82890050129305 0 0 1 NA
"157" 1 12.489452131983 16.4515940267461 -0.032062085656106 0 0 1 NA
"158" 1 12.382046994923 11.2617320392685 -1.21131445900807 0 1 1 NA
"159" 1 1.80519898687228 7.78886332729927 0.43122360293568 1 0 1 NA
"160" 1 22.9227763420456 3.39757972988275 -1.44504463991266 0 1 1 NA
"161" 1 25.9487972555502 22.7434975903768 -0.165238949910109 0 0 1 NA
"162" 1 8.86778619266137 8.29334484158514 1.11434075415728 1 0 1 NA
"163" 1 7.17799042310333 3.50211015342333 0.265179453599653 1 0 0 2.30218313905033
"164" 1 30.3713055889713 3.33622460368538 -0.981003181686109 1 0 0 0.739110887215592
"165" 1 2.98899977091359 3.84051682753351 0.0928026850339004 1 0 0 0.370172972233731
"166" 1 2.96542958062789 1.89738179438216 -0.397384911485413 1 0 0 2.32429400852433
"167" 1 2.659208005869 6.12034318760336 0.0478285237568836 1 1 1 NA
"168" 1 5.54273506565423 16.7688889360131 1.00877312357252 0 0 0 2.51188156334808
"169" 1 2.37071372007212 3.27420228080298 0.909414875941084 1 1 1 NA
"170" 1 3.77969046528435 12.9976319600466 -1.81877773688721 1 0 1 NA
"171" 1 0.644949175101918 3.98521445320215 0.459086439721736 1 0 1 NA
"172" 1 6.21704990500571 20.1328999435923 -3.06823209599038 1 1 1 NA
"173" 1 4.70923531384088 6.28907578071748 -0.683563894981873 0 0 1 NA
"174" 1 2.95181555666608 11.1006366227175 0.799822840998788 0 0 0 2.32750279835209
"175" 1 13.476023686994 1.87649754341202 -0.519737208513849 1 0 1 NA
"176" 1 20.1264809873486 6.60374145869682 -1.73095120810281 1 1 1 NA
"177" 1 6.18871742886309 6.7727135580434 0.200713251301554 1 0 1 NA
"178" 1 8.14792670987841 0.66215839743671 1.61293600974026 0 1 0 1.83367584402555
"179" 1 10.3939306869353 8.28597546332094 -0.0788237558410979 0 0 1 NA
"180" 1 18.8259404775445 3.77945177550497 -0.446677319731733 0 0 0 2.14997409620413
"181" 1 4.40875963171016 0.213581489881946 0.22996999458262 1 0 1 NA
"182" 1 5.44802794019475 0.744308175171792 0.854139501368754 1 0 1 NA
"183" 1 6.41858179356403 6.9839477886627 0.367005757297164 1 1 1 NA
"184" 1 7.13395180879022 0.172217711255183 -0.104674579873052 1 1 0 2.64288597825963
"185" 1 12.9054731500522 1.9196711670606 -0.487224224298473 1 1 0 1.83794160860164
"186" 1 13.4744175083418 6.3706983933868 -1.13105314019969 0 0 1 NA
"187" 1 13.325247874539 11.9321960218459 -0.216418635331225 1 0 1 NA
"188" 1 6.55821636920015 4.49890779714975 0.574667412188815 1 0 1 NA
"189" 1 1.2261474134632 2.61830433319446 -0.163645296291658 1 1 1 NA
"190" 1 7.7285129675084 2.02554202834831 -0.304927784882639 0 1 1 NA
"191" 1 6.76295639318582 16.0916748175294 1.36957604610944 0 0 0 2.05524346704239
"192" 1 7.22767271942058 10.3136185268907 0.990698446397918 1 0 1 NA
"193" 1 23.8413468659773 5.54671912212426 -0.18069483216931 1 0 1 NA
"194" 1 1.58807322564609 1.9388822743236 1.03396294600661 0 1 1 NA
"195" 1 57.0654835778399 36.5195160459907 -2.09578196447983 0 0 1 NA
"196" 1 14.6211675658915 0.936528106217604 0.764447125303723 0 0 1 NA
"197" 1 5.87512262283054 8.26423806006697 1.07050946225932 0 0 1 NA
"198" 1 1.49422285332005 8.84302359468867 -1.87250461170426 1 1 1 NA
"199" 1 13.0052834690021 18.685913461323 1.36624506790125 0 0 0 3.41803843006491
"200" 1 11.014387175923 1.14662931643032 1.90638699480062 0 0 0 1.37010350462041
"201" 0 9.55075568712826 8.2734049940233 -0.0953657019912782 0 0 1 NA
"202" 0 13.8413504617003 1.86657181520181 1.28004318921236 0 0 1 NA
"203" 0 9.01196705776913 18.3766600719509 -1.33941347072675 0 0 1 NA
"204" 0 7.16923377484914 4.86901673440968 -1.18742679879202 0 0 1 NA
"205" 0 5.34801594581459 5.86751439293892 0.902702258079348 1 0 1 NA
"206" 0 5.60977788188989 11.7696775013574 -0.348837158745905 1 0 1 NA
"207" 0 14.2070306329533 5.12063275057157 1.06078318203215 0 1 0 1.46152252880739
"208" 0 10.7201752198704 6.1184853124853 -0.174626129710513 0 1 1 NA
"209" 0 7.9613570763798 6.61845648943606 -0.64601641704752 0 0 1 NA
"210" 0 27.47854301373 3.56451132284669 -0.525778567481035 0 0 1 NA
"211" 0 31.9528870034121 12.3023164446738 -1.64778732631688 0 0 1 NA
"212" 0 1.58161623797884 0.91873458140472 -0.870814830857298 1 1 1 NA
"213" 0 7.26617045975567 1.9272994543709 -0.575752992482231 1 0 1 NA
"214" 0 25.7984214274781 9.90531348486405 0.975188602416037 0 0 1 NA
"215" 0 15.6061204514663 1.80420878410122 0.412591803119051 0 0 1 NA
"216" 0 13.0544830759784 1.7667627445636 0.283305055999827 1 0 1 NA
"217" 0 15.1510013729087 2.03949105466121 0.0342167163020367 1 0 1 NA
"218" 0 9.28491599678623 2.95327582216883 0.423333728718156 1 0 1 NA
"219" 0 6.70702406519551 13.2992128059688 -0.696421754059665 0 0 1 NA
"220" 0 10.405417766729 3.09678889249184 0.401895771860574 0 1 0 2.89756317936853
"221" 0 6.98355225168842 0.50085016332261 -0.265108243687993 1 0 1 NA
"222" 0 7.01136738449985 0.815908377209587 0.804571083505146 0 1 1 NA
"223" 0 16.6668664363945 2.33274729947563 0.846707235166751 0 0 0 1.51540120490129
"224" 0 18.7071575755616 9.35542638332065 -2.10967342957557 0 0 1 NA
"225" 0 8.83842303091031 6.57717976567419 -0.443502422087055 0 1 0 0.44671293701822
"226" 0 4.56380445837092 31.6772326591057 -1.34994875318642 0 1 1 NA
"227" 0 4.19103725190137 0.500869942418196 -0.598332091094907 1 1 1 NA
"228" 0 13.0096421304187 6.24615153024364 -0.184832133490093 0 1 1 NA
"229" 0 6.08160301912575 0.803842783428753 1.02498852331203 1 0 1 NA
"230" 0 25.5670616125376 7.47844883833222 -0.569635378716233 0 1 1 NA
"231" 0 0.977733624054312 4.20420058567439 0.473833365279019 1 0 1 NA
"232" 0 4.28128136669123 7.08310562172216 -0.554727317518487 0 1 1 NA
"233" 0 20.5362397111015 5.57511239395721 1.17963051502785 0 1 0 0.455396059864179
"234" 0 13.3730745697431 20.8803558559537 0.63685414247199 0 0 0 1.09033047310033
"235" 0 2.15901392523236 0.828432461318272 1.80513169132552 1 0 0 1.10243366698966
"236" 0 27.1633586203924 9.46832323927426 1.7675392659067 0 0 0 1.06640292266003
"237" 0 11.562354838434 12.9275562955412 0.402096826248887 0 0 0 2.94141092127751
"238" 0 6.11161787204406 12.9633892038545 0.557291233629174 0 0 1 NA
"239" 0 21.1711773868574 0.514429754281673 -0.372038612375171 1 1 1 NA
"240" 0 4.16581918664412 27.6041898746394 -1.32474377000693 0 0 0 3.40170875224103
"241" 0 13.6091189934452 26.1922059923284 -1.10913945417622 0 0 0 5.02076564109297
"242" 0 3.84961934474076 4.34311756000823 -0.267189185904943 1 0 1 NA
"243" 0 38.3026387833014 0.580745076930705 -0.311738661469436 0 0 0 0.21071650637709
"244" 0 12.9282394565975 13.780171767558 0.299699451436668 0 0 0 0.314644192321987
"245" 0 12.1304375970645 1.58162188464669 1.21639816886424 0 0 1 NA
"246" 0 13.698703951863 3.53621758639766 0.0201680023643009 0 1 0 1.28851481315462
"247" 0 6.51319256302197 12.4293402816661 -0.257730582816469 1 0 0 0.680064856338744
"248" 0 7.8171536434914 3.82139985516053 0.398568468287539 1 1 1 NA
"249" 0 6.11746531437413 9.69908491915153 -0.203727901208355 0 1 0 2.33257209386912
"250" 0 2.98281117774438 9.02659687439978 2.806148355091 1 1 0 0.581216856710178
"251" 0 61.456678582977 15.3334627001104 -2.65657548598891 0 0 1 NA
"252" 0 11.9099944977533 1.81270882715683 1.57377172257997 0 0 1 NA
"253" 0 11.8898251820119 1.90546479979363 -0.395129447146045 0 0 0 2.33210709842577
"254" 0 13.0563604602687 14.7359196410377 -0.0248664839320996 0 0 1 NA
"255" 0 4.41964998031603 3.85623958220335 1.64745381211357 0 1 0 1.23305270586462
"256" 0 21.3940156755881 11.2398285206666 1.02704187918248 0 0 1 NA
"257" 0 1.28672868464445 1.51216702554694 -1.01657846273509 1 1 1 NA
"258" 0 14.1443503091888 11.4416440036654 0.511573798369055 0 0 1 NA
"259" 0 13.7854525020625 1.22684718348027 -0.179482600646821 0 1 1 NA
"260" 0 15.4304209769965 5.80143562318664 1.31012245145346 0 0 0 3.24137817188801
"261" 0 17.8004283693931 1.39777398063108 0.051845636841287 0 1 1 NA
"262" 0 38.8372047543066 1.29115169699437 -1.24912341470231 0 1 1 NA
"263" 0 28.1573585085146 6.311284131545 1.5315902535372 0 0 0 2.53302141408236
"264" 0 6.0062983767964 15.8926572017489 -0.649517877205637 0 0 1 NA
"265" 0 14.8073901252752 1.84557962963658 1.29255011346138 0 0 0 1.60361842254617
"266" 0 0.85140255320784 0.730245354764458 2.10435111501559 0 1 0 0.524351800109247
"267" 0 12.7354391343251 7.77342938796255 -1.53442294654197 1 0 1 NA
"268" 0 5.84274046678662 8.76719807671975 -1.53044903130753 1 1 0 1.72804537835018
"269" 0 3.96404743593821 8.11168477776937 0.711018539069868 0 1 1 NA
"270" 0 10.1325500480862 6.89355071150467 -0.646738020180935 0 0 1 NA
"271" 0 2.323292335729 3.86993037069794 0.874992732955378 1 0 1 NA
"272" 0 0.528187012455546 2.2290819669102 -0.28350660391461 1 0 1 NA
"273" 0 2.20511939391799 4.57894408231728 0.458754216393765 1 1 1 NA
"274" 0 10.8353165751937 8.46208113867805 -0.853123996909164 0 1 1 NA
"275" 0 18.5359372843971 18.1991240166618 0.34255685759482 0 0 1 NA
"276" 0 6.23119347247878 0.708275384892297 0.145925968302199 0 0 0 2.57949847903685
"277" 0 6.60907358834195 5.78215677401117 0.422753187362121 0 0 1 NA
"278" 0 5.76664039623876 1.32564955100935 -1.83474886662501 1 0 1 NA
"279" 0 4.46718839219297 3.04960394524588 -0.146475511290997 1 0 1 NA
"280" 0 5.37825193506822 10.8486822627147 -0.223086129702819 1 0 0 1.98689106783417
"281" 0 6.66726453520339 0.973111204425834 0.0850866008688538 0 0 1 NA
"282" 0 7.30262030703441 3.57493773573195 1.28258305506194 0 1 1 NA
"283" 0 0.129568528911601 4.91634532307335 0.181691274741571 1 0 1 NA
"284" 0 10.4537372143622 3.11181466980298 0.167943788623252 1 0 1 NA
"285" 0 4.55830031511934 7.3794975939038 -1.26810101455113 1 0 1 NA
"286" 0 0.340302194086738 0.0727743053862189 1.69755042216905 1 0 1 NA
"287" 0 21.6990029364534 6.27233080046853 0.471781153085533 0 0 0 2.39774060628088
"288" 0 1.79477265624939 0.0534034886642911 0.177809495135664 1 0 1 NA
"289" 0 15.7868892833337 2.55627151574254 1.46038427952979 1 0 1 NA
"290" 0 2.66546192621831 5.77252661083403 -1.42664232639063 1 0 1 NA
"291" 0 4.04004499700895 9.73265151043403 0.575711422567917 0 0 1 NA
"292" 0 4.29633756327383 6.74762409822266 -1.80849272153012 1 1 1 NA
"293" 0 0.0792757826833873 0.677408857683789 -1.36587845052065 1 0 1 NA
"294" 0 10.4650481323444 3.89949464637922 0.0290040986314681 1 0 1 NA
"295" 0 0.90523196517437 4.52439221025239 0.370130596453428 1 1 1 NA
"296" 0 10.4369410031948 3.83582381681761 0.315323045666834 1 0 1 NA
"297" 0 3.1838273198279 13.7651873806304 -0.297674947412692 1 1 1 NA
"298" 0 6.14892794178983 23.3340527007125 -0.990738261892888 0 1 1 NA
"299" 0 4.00468668391395 8.53774510274038 -0.123895357854255 0 0 1 NA
"300" 0 19.7273820141722 6.62053296102905 -0.515903232207484 1 0 1 NA
"301" 0 6.96111421659351 0.886476052739632 -1.05444640538165 0 1 1 NA
"302" 0 2.04809890967199 2.0710942287872 1.01175253145222 1 0 1 NA
"303" 0 24.4409827376719 8.74703148391263 -0.150706268164704 0 0 1 NA
"304" 0 2.74566678624582 4.00866087227889 0.190693557508306 0 0 1 NA
"305" 0 2.98987533955069 3.60495587075502 0.941957544707379 0 0 0 1.26779322310816
"306" 0 5.45168621988143 4.48215604633865 0.910575059334914 1 1 0 1.38086972637234
"307" 0 8.736808746396 6.22714007106733 0.994746231794989 0 0 1 NA
"308" 0 9.04282251673477 0.806755809472314 0.895193247321363 1 1 1 NA
"309" 0 5.05062526824711 3.05923567662689 -0.383662750363715 1 1 1 NA
"310" 0 27.9183812299589 9.96089809603449 0.123014137458697 0 0 1 NA
"311" 0 13.273923523047 16.6482602135012 -0.349369441484555 1 0 1 NA
"312" 0 10.8106217486866 10.0039549085463 -0.108928332162907 0 0 1 NA
"313" 0 26.5441714096535 6.74859743709391 0.499183812630889 0 1 1 NA
"314" 0 16.0957435435576 3.8224535337295 -0.914583342148775 0 0 0 4.58485410406919
"315" 0 6.83851483832147 7.37587952429185 -1.02108375026051 0 1 1 NA
"316" 0 11.5211379578648 11.3269142038275 -0.325255145314722 0 0 1 NA
"317" 0 4.20104129603243 5.68179628418243 -1.60337257833832 1 0 1 NA
"318" 0 9.12845022660519 1.58047482244554 1.09335452288625 0 0 0 2.12706023474831
"319" 0 40.3080714886004 2.46896885309551 1.05993784003335 0 0 1 NA
"320" 0 1.42725318051665 23.5761071085383 -2.14664063529706 1 1 1 NA
"321" 0 5.57769904380199 5.00776562815002 -0.472164864364319 1 0 1 NA
"322" 0 13.635199038244 0.898494355080026 -0.189817341443958 0 0 0 3.63790800012012
"323" 0 16.5630627612926 5.41074792425048 -0.525990080820564 1 0 0 2.16650043225384
"324" 0 7.42523181946577 3.84531282715083 1.07847023949195 0 1 1 NA
"325" 0 8.52336471059188 10.9087091462835 0.672665322366229 0 0 1 NA
"326" 0 17.4229788403666 1.2631338710346 0.38355062925539 0 0 1 NA
"327" 0 8.62620498934359 9.51722419208002 -1.25395930799089 0 0 1 NA
"328" 0 1.552763227448 0.114813329977989 -0.683411991351822 1 1 1 NA
"329" 0 0.410629009319285 1.62275539368152 0.624829768092898 1 0 1 NA
"330" 0 6.28117434634709 18.5163077386935 0.1335441234778 0 0 0 4.52201233228072
"331" 0 3.46352049209985 8.50403619778366 -0.198002351539479 1 0 0 1.79865095731952
"332" 0 4.97142758080628 0.186769979246731 0.684360001335769 0 1 1 NA
"333" 0 0.651441190589691 3.3452108178844 0.213845463634552 1 0 1 NA
"334" 0 20.2615766730013 4.28577360216973 0.798604205407772 1 0 0 0.580824209673548
"335" 0 2.70935811742809 20.7281677059988 -0.393972099007704 0 0 0 0.538937857553768
"336" 0 0.87383492193598 4.67994285645144 -1.30376056716532 1 1 1 NA
"337" 0 13.4494421269546 3.03348095206966 -0.451014613169371 0 1 1 NA
"338" 0 10.7430286559429 7.95478485011897 -1.59348693373455 1 1 1 NA
"339" 0 6.36694183870398 2.75417413905487 0.916240212387736 1 1 0 1.59717226672317
"340" 0 17.9890863389719 16.4566093159813 -0.836883375984042 0 0 1 NA
"341" 0 18.1244010409133 9.80857307926182 0.196659422301668 1 0 1 NA
"342" 0 3.80297808721629 13.7171988771866 0.486363997330217 0 0 1 NA
"343" 0 6.67847837061728 4.54153193328082 1.95384806712273 0 0 0 1.26886244976124
"344" 0 9.69332108276757 2.32875970303884 1.67861223641102 0 1 1 NA
"345" 0 2.93212632527281 87.4000694015085 -0.401442152911178 0 0 1 NA
"346" 0 9.85385986779102 7.10726080806598 0.879502853407703 1 0 1 NA
"347" 0 6.67755535091713 6.79890512397575 -1.54508715456947 1 0 0 0.60848887666722
"348" 0 8.63823680899451 5.05720331956111 -0.360564645679502 0 1 1 NA
"349" 0 6.60494951129886 5.9937353610315 -0.0223553924167807 0 1 0 2.69293081508066
"350" 0 19.9336005741244 24.5713260355228 -1.05465436150692 0 1 1 NA
"351" 0 24.5767472358342 37.8188800186631 1.62439884497015 0 0 0 0.375848473730851
"352" 0 1.01722065181826 2.67086037760566 -0.225633527105045 1 1 1 NA
"353" 0 15.1069608179166 4.62273804688958 -2.3043102731646 0 1 1 NA
"354" 0 10.2065179178825 0.142052118713448 0.982260626863636 0 0 0 2.31902115111499
"355" 0 3.47021250773754 1.93730809180207 1.69784799006381 0 1 0 3.23689862637967
"356" 0 0.306295298533973 13.6897476249761 -1.42792390798792 0 1 1 NA
"357" 0 4.76739832869822 1.67395863575311 0.13718819560211 0 0 0 0.869857171281371
"358" 0 15.1239061956043 27.9595806145727 -2.44916884876161 0 1 1 NA
"359" 0 13.2271029018186 2.90112500816855 -0.035114435623491 0 0 0 3.82030269257959
"360" 0 1.72179637707531 2.70139322379701 -0.489681225719657 1 0 0 1.21793469626789
"361" 0 50.5372889316416 1.87905743490741 -2.16420039710937 0 0 1 NA
"362" 0 3.61696377950556 4.73107313607701 0.502275943703976 1 0 0 1.61000602417365
"363" 0 0.643224146536354 2.70456307517826 0.231313347750281 0 1 1 NA
"364" 0 12.3482126282262 0.546863821529707 -1.03066371939223 1 0 1 NA
"365" 0 14.354990837125 3.30108396038619 -0.262139357707528 1 1 1 NA
"366" 0 8.38384170814123 19.8286484821413 -0.712533571559595 1 0 1 NA
"367" 0 10.2816155435655 13.8250802091583 0.0623248143587069 0 0 0 1.48767828065617
"368" 0 7.05841108810232 16.7198085785084 0.974829995882074 0 1 1 NA
"369" 0 1.58450031688465 3.07862574616145 -1.4719066732509 1 0 1 NA
"370" 0 7.85851282449779 0.967497925696742 0.264414057348336 1 1 1 NA
"371" 0 2.88835663509944 2.22166445607308 -0.83817273235854 1 0 0 1.14891324572237
"372" 0 24.0055132432422 7.72710051482648 -0.983367969072743 0 0 1 NA
"373" 0 13.1288154889659 3.12055701369565 -0.139547576979532 0 0 1 NA
"374" 0 8.57591081822098 0.320610304507166 0.504306910354341 1 0 0 1.07799048586801
"375" 0 9.50773122036949 32.367736459384 -0.514859906455153 0 0 1 NA
"376" 0 2.5481190103837 4.57620355699213 -0.159353153801583 0 1 0 1.26167966350225
"377" 0 2.23537403880077 3.93216604597172 1.25822411356385 0 1 1 NA
"378" 0 5.73310316232175 10.9415552988005 -0.119188328994627 0 1 1 NA
"379" 0 7.22005805029836 1.55257531733352 -0.0752249546523659 1 0 1 NA
"380" 0 15.0633097194883 6.59323239560147 0.961896762342786 1 0 0 1.5123432330535
"381" 0 27.3872819666741 20.3120255212785 -0.152145550205924 0 0 1 NA
"382" 0 3.03438311241188 0.219316211086868 0.921560402420461 1 0 0 1.35199806677371
"383" 0 5.52277443753913 1.97514221057742 1.3424170925949 1 0 0 0.30359080842191
"384" 0 3.5049064655908 0.909803343445612 0.861491138772316 0 0 1 NA
"385" 0 16.4537972142678 0.753400111098739 0.906056990131187 1 0 1 NA
"386" 0 34.6646624259362 3.13416945213358 -0.588724558605317 0 0 1 NA
"387" 0 4.45079710799359 1.32488344203749 1.4853699505531 1 1 0 0.681654855519716
"388" 0 3.41966186376048 1.04281066214315 -1.04678336550891 1 0 1 NA
"389" 0 7.33589557286712 5.22358418322546 -0.168413839525967 1 0 1 NA
