"Z" "Y1" "Y0" "x1" "x2" "x3" "ID" "D"
"1" 1 2.95220324078559 2.96940876490509 -0.23715235018633 1 1 1 NA
"2" 1 2.54807993565146 3.3651853496581 1.56965980455524 1 0 1 NA
"3" 1 0.965061323082336 4.51620314991884 0.554665025168309 0 0 1 NA
"4" 1 26.2219193252074 28.8775340195435 -0.326003388154899 0 0 1 NA
"5" 1 32.1854890784987 4.920665872133 -0.159869627094656 0 1 1 NA
"6" 1 16.0666103796027 5.2482702543259 -0.126430262293583 0 0 0 4.36160593428436
"7" 1 10.1810716007908 3.15153785407237 0.267698415683213 1 0 0 1.61073184548154
"8" 1 8.38647118152608 3.64993771100157 -0.125398470044171 0 0 1 NA
"9" 1 4.81766325224459 0.775050968278768 -0.135998699036664 1 0 1 NA
"10" 1 25.6519972170924 2.59933728343981 0.241952383759719 1 0 1 NA
"11" 1 7.57698234774565 0.298899432437409 1.36707593998033 0 1 1 NA
"12" 1 9.49024461771885 2.33747531774933 0.680389016183179 1 0 0 0.961460351229153
"13" 1 22.2523831578182 4.8246001303848 -0.123947166776999 0 0 1 NA
"14" 1 16.7126753453037 9.97446398916349 -0.271026787013977 0 0 0 4.35834554871509
"15" 1 19.5323484549159 5.18894306416034 0.965529334566195 0 1 0 0.90563564460413
"16" 1 24.6375085304843 0.951559762363925 -1.33261368499261 1 0 1 NA
"17" 1 5.02544336946052 2.08582187033553 -1.27641101829256 1 0 1 NA
"18" 1 9.18958193456864 12.8656539356015 -1.16004902166879 0 0 1 NA
"19" 1 1.33755555617125 2.37488046406576 -0.258856705221125 1 0 1 NA
"20" 1 10.7008389561416 5.50080609985651 -0.305214276628576 0 0 1 NA
"21" 1 15.3595480691108 12.499428191685 0.835776146418712 0 0 1 NA
"22" 1 7.1034296230882 6.6919482375451 0.687389123674893 0 0 0 3.04148028200551
"23" 1 9.17445982563789 2.28475970296232 -1.72513186165732 0 1 1 NA
"24" 1 20.7568762475522 28.3985179910819 -0.172054713472323 0 0 1 NA
"25" 1 4.35914562101796 6.45546270880221 0.943517912046619 0 0 0 3.73176851040808
"26" 1 3.97217337295562 28.1804568096528 0.481229103849052 0 0 0 2.18017875261495
"27" 1 7.86361259211647 10.2009525761039 0.576780608606281 0 0 0 2.66104876455293
"28" 1 9.99566702954759 8.7931243832649 -0.270204714831889 0 1 0 0.818081555104388
"29" 1 1.53231494461294 1.4678767835982 -0.912107923602267 1 0 1 NA
"30" 1 4.49775380449593 15.6336953355492 1.53292778120683 0 0 0 1.38868327337345
"31" 1 11.4666356536381 8.7348047289467 0.556057578059307 1 1 0 2.76344624918275
"32" 1 4.8451216376133 0.700741799541016 1.03822977393475 1 0 1 NA
"33" 1 14.9322951276977 3.45439512693422 1.60885789547879 1 0 1 NA
"34" 1 4.73377283732095 2.39858595697315 -0.555446002430296 1 1 1 NA
"35" 1 4.95500120022014 4.64438560416084 0.360418253695532 0 1 1 NA
"36" 1 16.4209129342694 2.23699758993484 0.448676143376386 1 0 1 NA
"37" 1 3.0661907335483 10.5303763718366 0.854834007392061 1 0 0 1.53420924912754
"38" 1 6.33014372477958 13.7409587002227 -1.03603129348252 1 0 1 NA
"39" 1 3.60677612160567 1.03443972795428 -0.0719908415400866 1 1 1 NA
"40" 1 8.1859985645548 1.638847337247 -0.232047038994096 1 1 1 NA
"41" 1 12.5433942722879 3.5641263432765 0.591938799242699 1 1 1 NA
"42" 1 7.15001682749976 3.12148608158043 0.126804680781777 1 1 1 NA
"43" 1 14.2043221131816 17.6652612546658 -0.923875063361956 0 0 1 NA
"44" 1 8.22461631238852 5.85809010311089 -0.496095886902324 0 0 1 NA
"45" 1 4.12189085348636 6.7250162631628 -1.55732648640198 0 1 1 NA
"46" 1 3.92655673399146 1.98462358024253 1.88440589822852 0 0 0 1.57017264903492
"47" 1 4.170560601268 5.35195772594264 -0.265384940375798 1 0 0 3.31879872981036
"48" 1 7.09796935508767 8.8269462879563 0.59877238465321 0 0 1 NA
"49" 1 7.01839726005159 0.357584295713474 0.917000808832296 1 1 1 NA
"50" 1 1.39439748842396 4.20908290408801 0.517069959443307 1 0 1 NA
"51" 1 5.15664380193404 5.15651773029817 -0.400595152448516 1 1 0 3.39012478863256
"52" 1 52.0746924220957 1.93157728795084 -0.862995964280192 0 1 1 NA
"53" 1 13.2833005856227 13.7953123120505 1.30517781564265 0 0 0 1.70765033676346
"54" 1 20.1225470757264 2.15633679933373 0.96371021898779 1 0 1 NA
"55" 1 38.0452234025231 3.57729786041192 0.722204582524547 0 0 1 NA
"56" 1 5.67111507182868 0.0405396701567863 -1.20938069322402 1 1 1 NA
"57" 1 3.14753402455012 12.5012104475017 -0.642846065470048 1 0 1 NA
"58" 1 3.61722577602738 13.8717304362969 -0.327944852132542 1 0 1 NA
"59" 1 11.713373311338 20.3705655402519 -1.76282213389387 0 0 0 2.32461590504375
"60" 1 2.8468030559169 6.91171350022743 -0.479945999090439 1 0 1 NA
"61" 1 16.1344948629412 7.32823561145256 -2.62971967998874 0 1 1 NA
"62" 1 25.4083603800145 6.8010611020522 1.38053494512267 0 0 0 0.812799616716812
"63" 1 3.44491779635596 1.9062790909953 -0.136531390716278 1 0 1 NA
"64" 1 48.1946227055668 1.3716111834963 0.839842719363561 0 0 1 NA
"65" 1 51.753634500115 19.9241023142034 -1.60280939648237 1 0 1 NA
"66" 1 30.5938858958737 4.07852564285007 -1.01159341739339 0 0 1 NA
"67" 1 3.37717366215944 4.21265679220439 1.24104655463453 0 0 1 NA
"68" 1 26.5156123455448 18.802673327681 -1.57021674917301 0 0 0 1.31634066462316
"69" 1 3.52516335319103 1.91780680264758 0.143269974523528 1 0 1 NA
"70" 1 4.47688875501495 0.551039782708971 0.37389853011926 1 0 1 NA
"71" 1 3.88696960246811 4.86586706991929 -1.01316781594279 0 1 1 NA
"72" 1 16.9367856964525 3.8971094852067 -0.586114854095824 1 0 0 1.98280076565185
"73" 1 8.75958470417134 2.12095145300977 0.548918907118922 1 1 1 NA
"74" 1 0.466605954308675 2.01655622013313 -0.577281185247144 0 1 1 NA
"75" 1 2.74944714472681 1.18335665353481 0.569274074108716 1 1 1 NA
"76" 1 25.0530668302687 45.2000622559895 -0.437013845791562 0 0 0 1.02805997556941
"77" 1 11.9534843164288 11.5553193709056 0.200857306917892 0 0 1 NA
"78" 1 5.8873738488112 2.76898640696914 -0.573077410453119 0 1 1 NA
"79" 1 18.5281612262145 4.67579833952619 0.609155887061975 0 0 1 NA
"80" 1 2.84770291720917 7.51853051357195 0.355333533587802 0 0 1 NA
"81" 1 3.38608915306754 2.40794996646258 0.0391091578030556 0 1 1 NA
"82" 1 1.63314451803244 4.24536119911435 -0.814515173379846 1 1 1 NA
"83" 1 6.50641641024616 34.0562064741782 1.08834268026034 0 1 0 1.48411462814358
"84" 1 15.7962726306558 0.0843170729344659 -0.168459484082783 0 0 1 NA
"85" 1 9.64532660968253 1.9900591833795 0.888702010772289 1 0 1 NA
"86" 1 15.5948427477825 5.03841307216385 -0.287600184962626 0 1 0 2.47287794588269
"87" 1 15.8897103182173 3.04662854015496 -0.760629799333254 0 1 1 NA
"88" 1 13.5114186075776 12.8523927632037 -0.0732717864226574 1 0 0 2.68432959575232
"89" 1 6.90177622928297 17.2401645419573 1.75892193770219 0 1 1 NA
"90" 1 10.7327621393233 2.10702310376901 -0.0694075432128968 1 0 0 1.13982499762946
"91" 1 11.7937515142693 2.60266675724705 1.8672641394717 1 0 0 1.47988395836572
"92" 1 16.5309551616203 6.2871864783633 1.15679948522994 0 1 1 NA
"93" 1 4.60830872659991 2.96113042022135 -1.43345794937985 1 1 1 NA
"94" 1 8.2170621759948 1.8509199415884 -0.991451892926071 1 0 1 NA
"95" 1 3.76301065542044 1.41003336487058 1.02226216565172 1 1 1 NA
"96" 1 12.5481273808042 30.3707478771667 -1.33594080508175 0 1 1 NA
"97" 1 16.3547287580879 3.22272393854293 -0.78304720999544 1 1 1 NA
"98" 1 8.33464862137645 4.81610147452002 1.57009087688216 0 0 0 2.5500026891549
"99" 1 32.0683681092661 4.86394385724727 -0.388367270836488 0 0 0 1.78634956616375
"100" 1 10.6523131422253 0.883214992334823 0.767190712886696 1 1 1 NA
"101" 1 8.62922796561721 6.69553435691616 1.00979895809846 1 1 1 NA
"102" 1 15.4466776509804 6.03699079551772 -1.57953126213058 1 0 1 NA
"103" 1 2.02114186402623 0.273716207223923 0.0927027919259174 1 1 1 NA
"104" 1 7.32884951109279 5.19658753495243 -1.12167421739413 0 0 1 NA
"105" 1 4.08264847061003 1.35644766958973 -0.956056960744006 1 1 1 NA
"106" 1 9.83189682827195 14.4231381287374 -1.46055104859204 0 0 0 6.71317832454822
"107" 1 1.97294786647155 2.9400229470217 0.0928775830451327 1 1 1 NA
"108" 1 8.30472678137125 7.57295887999592 -0.72037303862586 0 1 0 5.39578286515796
"109" 1 27.8566006819551 6.46766197738182 -0.223385087194604 0 0 1 NA
"110" 1 6.59459783702157 19.3895640339909 0.921261860570777 0 1 1 NA
"111" 1 5.5468016354116 14.5504937843696 0.417823114437831 0 0 0 3.47578960696791
"112" 1 14.2260110167351 10.0828684986475 1.10991742849435 0 0 0 2.2401548099715
"113" 1 24.6392071406753 27.3893154551767 -0.853773163742905 0 0 1 NA
"114" 1 7.70405138578554 8.75466039713183 0.719717935260103 0 0 1 NA
"115" 1 2.34579886789771 7.31681221638758 0.203536675581802 0 1 0 0.387054995340045
"116" 1 21.2855104148797 22.0252058479684 0.34235733350586 0 0 0 3.13402431338233
"117" 1 3.33215962006661 14.5759085919005 0.131221809696039 0 1 0 1.57172910217511
"118" 1 16.9267236548348 4.41080674115882 -2.38805962036609 1 1 1 NA
"119" 1 8.1526032542135 18.854291647537 1.89773113710676 0 0 0 0.869567427324608
"120" 1 2.92761418401568 0.704608355917644 3.23525664411816 1 0 1 NA
"121" 1 36.6630612392173 10.8889968332319 0.607905887550645 0 0 1 NA
"122" 1 5.85008893154172 0.9676148454379 -0.161641534902193 0 1 1 NA
"123" 1 1.51499551338889 2.72336409883493 2.81787726099996 0 1 0 0.656774251845899
"124" 1 3.78521937885991 2.69415237463469 0.434442801066629 1 0 1 NA
"125" 1 5.13962593022437 18.5526311780486 1.11344734180951 0 0 0 2.10169010745917
"126" 1 10.4161428295618 13.7328931425197 0.387474277986198 1 0 0 0.744343860190654
"127" 1 24.9543389900496 8.05895353097834 -0.927339610380204 1 0 1 NA
"128" 1 4.23484139237252 0.195760945169025 -0.305743226934164 1 0 1 NA
"129" 1 6.52021369694226 40.1437825417937 1.12386461174128 0 0 1 NA
"130" 1 21.4208424797291 2.32881683826086 -1.64316816888149 0 0 1 NA
"131" 1 11.2398168595505 2.8010276031758 -0.486174039654011 1 0 0 1.87145176707438
"132" 1 4.28648191817061 8.64167063648529 0.994394300571552 0 0 1 NA
"133" 1 7.94587743096431 17.0499239440059 -1.08522106705077 0 1 1 NA
"134" 1 6.62496011859554 7.92066883750678 -0.260459980829068 1 0 1 NA
"135" 1 2.3531489745724 21.2658412944563 -0.143148769862519 0 0 1 NA
"136" 1 7.68511706011529 2.75512928615936 0.543463887481548 0 1 0 0.608771740742137
"137" 1 1.09277923129137 2.81083812386753 0.689246731431299 1 0 1 NA
"138" 1 2.64921488456225 0.926286686316007 -0.494321567352825 1 0 1 NA
"139" 1 22.9368345740797 12.3156998657692 -1.47069674430717 0 0 1 NA
"140" 1 7.19636253684396 6.59243520834847 1.90686217248581 0 0 0 4.86347553359433
"141" 1 4.32191641625065 1.61796926050212 -0.896848181071325 0 0 1 NA
"142" 1 0.0784692947544736 2.85652678256414 -1.35447854007966 1 1 1 NA
"143" 1 9.98876685552397 10.8890833196834 0.178181641588415 1 0 0 0.993701911215137
"144" 1 9.06080013486753 13.0901900590751 -0.486821100403362 0 1 0 4.49277105734121
"145" 1 3.70931931841078 7.19734971253156 1.90481776234223 1 0 0 3.38978200943841
"146" 1 23.5195906156523 49.1571624086135 -1.66030913363162 0 1 1 NA
"147" 1 3.32460116690037 4.11861233803809 -0.214846000772478 1 0 0 1.14580542987694
"148" 1 12.5966322795299 31.5530708673521 -0.277727400217484 0 0 1 NA
"149" 1 1.47856902176655 0.0623402909548096 0.523379481168935 1 0 1 NA
"150" 1 6.06850478004419 4.03338272820178 -0.00461994631809807 0 1 0 2.86762259016049
"151" 1 2.07658696111789 7.34563682637836 -0.444608575489378 1 1 1 NA
"152" 1 6.80322216984221 2.10266400681729 2.38870447326842 0 0 0 1.35568029412475
"153" 1 6.31800865980097 2.30972242534219 1.35403277496642 1 0 0 1.23486904194609
"154" 1 1.34227476866009 6.95043364914594 -0.911508861952533 1 0 1 NA
"155" 1 2.30584653935001 4.75035361357667 2.17994015193731 1 1 0 0.570774417444401
"156" 1 3.0604137047418 20.5727692877779 -0.264364601078431 0 0 0 1.15069929808303
"157" 1 16.2003322734338 4.5429987523793 -0.722909682695728 1 0 1 NA
"158" 1 21.2352245975636 13.4694753965625 0.292104494701195 0 0 1 NA
"159" 1 10.1643471857369 10.8607958388336 -0.215992812084051 0 0 0 1.72188784074799
"160" 1 1.21618267515588 2.58488313694656 1.86294312827458 1 1 0 0.803487357687095
"161" 1 1.12673395321926 8.39690463543406 0.0966820228370003 1 0 0 0.76623091740475
"162" 1 6.84537073207137 7.84290894463112 0.110682444964438 0 0 1 NA
"163" 1 7.78577658734611 3.7861595692698 0.036994290419061 1 0 0 0.274321621078987
"164" 1 4.34278492073497 7.05431457339255 0.743855144464218 1 1 0 2.3828366025323
"165" 1 3.2937619834188 4.62617080578591 -1.13779815791206 0 1 1 NA
"166" 1 5.50749432629471 2.03786010268003 -1.68963548405723 1 0 1 NA
"167" 1 22.6618600314085 28.1710098622979 1.15011796200126 0 0 1 NA
"168" 1 0.832925511369499 34.0883335206395 -1.05087876527511 0 0 1 NA
"169" 1 13.4108676724341 1.81991209128508 1.26268702140324 0 0 1 NA
"170" 1 9.83316324486015 11.6786305926648 1.64594055523427 0 0 0 0.264142809096555
"171" 1 2.6833268370847 7.8297757761278 1.1962213336776 0 0 1 NA
"172" 1 7.42947230343589 7.36389185663511 0.278241708411181 1 0 0 4.02484772115939
"173" 1 22.8813437788534 16.323839820472 -1.41680822741736 0 1 1 NA
"174" 1 5.92093367386373 0.0111807820385108 0.704255181634746 1 1 1 NA
"175" 1 1.17217640305417 7.55662779705761 1.10218876857781 0 0 1 NA
"176" 1 8.76820357562104 2.39963214638149 0.208704336326608 1 1 1 NA
"177" 1 1.23413672532333 0.955166884096029 0.918423184586957 1 1 1 NA
"178" 1 6.74899278287197 13.6880722098211 0.263893944973051 1 0 0 2.87347569317285
"179" 1 9.64451835140358 3.19710222344633 -0.639534399426294 1 0 1 NA
"180" 1 6.83973472771979 3.39480554719252 -1.66083575608841 1 0 1 NA
"181" 1 0.818202809304293 5.04166189884146 0.618755342103678 1 0 1 NA
"182" 1 23.4192211113953 9.94981531862995 -1.27507234431618 0 0 1 NA
"183" 1 16.0955011619664 6.53244445173244 0.867999902294888 0 0 0 1.39883855753521
"184" 1 16.4975560874206 5.83810924930331 0.386845858664881 0 0 0 2.08095061251636
"185" 1 2.65417727140595 1.46335192032089 0.481581568422273 0 1 1 NA
"186" 1 4.29857485592249 8.61274806644876 0.989275959224569 1 0 1 NA
"187" 1 16.6280585550045 3.57086588481621 0.0510013293797018 0 0 1 NA
"188" 1 3.17782046903842 4.59290077319385 0.918206683708216 0 0 0 1.61193201510967
"189" 1 5.15456051584183 0.613902873774026 -0.743368192704935 1 1 1 NA
"190" 1 5.54936929775166 14.9050054788462 -0.0362637581767134 0 0 0 3.08531565795811
"191" 1 15.1328731913104 19.7310469681071 -0.420750498275459 0 0 0 5.38981766815827
"192" 1 7.14600345515653 2.87372193915431 -0.877972089671493 1 1 1 NA
"193" 1 9.51599200118804 33.2157072343842 -0.184590593481782 0 0 1 NA
"194" 1 1.6894690690846 22.8203194276926 0.241748712055865 0 1 1 NA
"195" 1 42.0305579481404 26.233338200055 -1.09607693247033 0 0 1 NA
"196" 1 7.49070404405037 11.1756493720756 -0.420431459196593 0 0 1 NA
"197" 1 6.2012935901246 8.16122889586958 0.530645365416054 1 0 0 1.9280373261261
"198" 1 11.9263412732471 3.34730107336445 0.172520595443381 0 1 0 1.00833342541197
"199" 1 15.7397724371573 3.47430817111975 -1.27704121700916 0 0 1 NA
"200" 1 5.81486406535227 4.06438494398252 -0.0347062923125833 1 1 0 2.23084435344148
"201" 0 53.7399250122111 15.2629718672109 -1.30531270209234 0 1 1 NA
"202" 0 5.08605262691341 2.19133994852967 0.358946022724572 1 1 1 NA
"203" 0 7.2052121161528 2.88813592610841 -0.0382037172706544 1 1 0 2.56859852376881
"204" 0 6.64004340351993 4.09839876925393 -1.04842946111627 1 0 0 3.8886927498924
"205" 0 1.95000461146347 9.36894855604948 0.801688020639056 1 0 1 NA
"206" 0 23.445688009478 9.09958424977676 0.965069273380572 0 0 0 1.36979232330457
"207" 0 3.69695242589593 9.58789699813732 -0.624833069290324 0 1 1 NA
"208" 0 6.72834243562439 1.34414753193696 -1.96552957053312 1 0 1 NA
"209" 0 4.46439197230624 4.82918259963643 1.22873677878864 1 1 0 1.86101721791055
"210" 0 13.1840698946336 6.16409388226752 -0.0026680303827294 1 0 1 NA
"211" 0 0.463571189235134 2.18646861383446 0.156515414171353 1 0 1 NA
"212" 0 5.55454364764613 2.04899539232057 0.56077614812152 0 0 1 NA
"213" 0 10.5058125126174 9.42706682677868 0.86336083505969 0 0 1 NA
"214" 0 6.90229561248147 7.42302181507601 0.0975574797694775 1 0 0 3.20368467278147
"215" 0 4.1938018137671 2.73343995136583 0.306736626238669 1 1 1 NA
"216" 0 16.6852090709215 4.08504075038025 0.12683887893659 1 0 0 1.71157925885816
"217" 0 5.20284322584653 7.83478521177005 -0.453049037588689 1 0 1 NA
"218" 0 5.66780255618325 3.27800432031045 0.840398399718989 1 0 1 NA
"219" 0 17.1411316190947 11.6063323475386 0.0266345861602926 0 0 1 NA
"220" 0 2.41226518650809 0.11040530219644 -0.164317473997049 1 1 1 NA
"221" 0 8.1040800568402 2.54123781963429 -0.408442870977458 0 1 1 NA
"222" 0 6.7412750904897 1.64017673771216 0.431159347571677 0 0 0 1.4255875695419
"223" 0 12.2339749393307 11.5219568590398 -0.332040489002612 0 0 1 NA
"224" 0 1.47524911732099 20.20853717277 0.355811127333467 0 0 0 1.31989542193573
"225" 0 1.9951849380167 1.16912483126134 0.717653628617589 1 0 1 NA
"226" 0 29.9879933973886 9.54933083889111 0.195505769965823 0 0 0 0.736674744598177
"227" 0 11.109645437491 10.2122024526157 -1.0294205651583 0 1 1 NA
"228" 0 92.6322476098395 21.2133357724476 -1.40344519281116 0 0 1 NA
"229" 0 10.0001340447713 8.10692228981723 -0.377371649999031 0 1 1 NA
"230" 0 16.9507218643751 1.83056791987811 1.69692022114574 0 0 0 1.74337171236119
"231" 0 0.792033145100078 11.0169121264165 -1.02649778801127 0 0 1 NA
"232" 0 5.31957752437833 7.61329344539686 1.32590871774103 1 0 1 NA
"233" 0 8.79228597271177 24.1605188529418 -1.10256442470732 1 0 1 NA
"234" 0 4.18958811490425 2.37257997998934 0.528380264105646 1 0 1 NA
"235" 0 6.01145391788855 8.1372864072427 0.183032033254697 1 0 0 2.00671414952818
"236" 0 8.29933779512812 5.92493010307171 -0.329124079534408 1 1 0 2.29825058117016
"237" 0 8.71619212571329 0.71275534213921 0.721774413468147 0 1 1 NA
"238" 0 11.8261296811182 10.9893589681155 1.61216685400583 0 0 1 NA
"239" 0 16.9996527479721 2.42299300852421 -2.79659469809894 0 1 1 NA
"240" 0 7.11434241147413 3.34431340307156 -1.51185136948829 0 1 1 NA
"241" 0 7.92312877560893 0.802218123716988 -0.0591459763426361 1 1 1 NA
"242" 0 7.81408286110601 10.2903075464482 -0.762082620314665 1 0 1 NA
"243" 0 8.12715817573071 0.47896033107493 -0.960483326944239 1 1 1 NA
"244" 0 2.13738072273066 3.67456718904347 1.6674028786823 1 0 1 NA
"245" 0 10.3369818539858 5.75407027149259 0.211839074579986 1 0 0 0.424616398464505
"246" 0 30.3054672188478 18.8740444069973 -1.78783322797425 1 0 1 NA
"247" 0 1.40533936033278 30.037024523978 1.72384628544487 0 0 1 NA
"248" 0 5.11861446668842 8.0973437243772 1.85935327851477 0 0 0 2.64908451091068
"249" 0 11.1647407858856 1.16155146354726 0.415145490609657 1 1 1 NA
"250" 0 1.68528456971608 13.0186375624316 -0.870116166551485 1 0 1 NA
"251" 0 2.19848333182722 3.48880410136768 0.665774774155726 0 1 0 0.654155897207935
"252" 0 6.52132341162288 3.28574607385264 0.880978596556288 1 0 1 NA
"253" 0 14.7112736796027 3.02186594688377 -0.185323732456881 1 0 1 NA
"254" 0 3.75535486619888 4.8697632448462 -0.417545001129508 1 1 1 NA
"255" 0 19.3189947526134 11.6773136260722 1.37838717017341 0 0 1 NA
"256" 0 6.60934552817147 11.7029924997457 -0.0682939390317964 1 0 0 0.788736790317944
"257" 0 6.36948028117161 7.12521930058087 1.81709761911628 1 0 0 1.98345247654647
"258" 0 0.93222516017962 1.43691993227105 0.427168064697928 1 0 1 NA
"259" 0 8.07885551179251 0.783450312496966 1.14114782547915 1 1 1 NA
"260" 0 1.86329706002857 4.68131906744682 0.340218897968777 1 0 1 NA
"261" 0 4.63109704596772 0.024156817348831 -0.989934267174994 1 1 1 NA
"262" 0 35.6860515048581 8.17991620725983 0.771781622230365 0 0 1 NA
"263" 0 1.16388916129551 14.1924513446638 -2.3311099842844 1 0 1 NA
"264" 0 16.7820752556755 0.537311185445196 -0.868345606515971 1 0 1 NA
"265" 0 1.17313684241959 1.0057216264234 -1.56559926555335 1 1 0 0.781266668476789
"266" 0 12.9077489630898 7.65139136182558 0.432921541399011 0 0 1 NA
"267" 0 11.7018283282055 1.78314166319305 -0.696402167999466 1 0 1 NA
"268" 0 12.3493587269821 0.0620566177747212 1.53300636605229 1 0 1 NA
"269" 0 3.01539639217941 5.65813785214224 0.7877012095768 1 1 0 0.827884047468307
"270" 0 1.68428674250323 4.00594307273178 -1.64095140926903 1 0 1 NA
"271" 0 1.11002706185315 1.53299508849798 0.29544249021037 1 0 1 NA
"272" 0 11.4217453105509 0.940362171009185 -1.42311210443837 1 1 1 NA
"273" 0 5.10575556406869 3.19273733315996 0.683509938516222 0 1 0 0.383846403662709
"274" 0 4.96105518854729 1.74665543559601 -1.14368266319655 1 0 1 NA
"275" 0 8.62168579728581 16.382784174344 0.666626192852204 1 0 1 NA
"276" 0 2.41126195473065 5.80540885948372 1.55734476062564 1 1 0 0.506412979375839
"277" 0 3.52987076153743 11.6178436716641 0.434072558479721 0 1 1 NA
"278" 0 36.3076755543625 24.2959409790708 -0.709579235827492 0 0 1 NA
"279" 0 19.6179393566625 5.23552055051117 -0.523994768115252 1 0 1 NA
"280" 0 1.19570755559825 4.25472671311668 0.284809796539488 1 0 1 NA
"281" 0 2.24438165917784 4.52373220767033 -1.38007726154878 1 1 1 NA
"282" 0 12.3944169244751 4.89392324046567 -1.40125661553448 0 1 1 NA
"283" 0 4.91740333240453 1.5188905658503 0.145315168192283 1 0 0 1.33606159036068
"284" 0 1.0104864518143 2.83282113987008 0.573179103103829 0 0 1 NA
"285" 0 3.22892401209032 4.3638852122496 -0.120829363933739 1 0 1 NA
"286" 0 3.04672556973801 3.54324272840305 1.35664639182295 0 1 1 NA
"287" 0 11.6551412094268 10.0412852695214 0.242806075398414 1 0 0 4.77357454320249
"288" 0 11.2571271119774 38.4747731256567 -1.39525615580495 0 0 0 3.31491250496169
"289" 0 9.98122110277652 10.9229664807053 -0.000546965797592824 1 0 1 NA
"290" 0 3.03042815689443 7.41916219854509 -1.22366882663 0 0 1 NA
"291" 0 7.11597556110755 3.83890911176503 0.23876963361982 1 0 0 3.02999125689679
"292" 0 1.81595438444462 3.41769726577587 0.655234360312752 1 1 1 NA
"293" 0 7.29738697232967 11.8736255514244 0.585673508315445 1 0 0 1.11210102656523
"294" 0 2.19998638277181 6.68720783496502 1.69466025538418 1 0 1 NA
"295" 0 25.5030853865077 11.4997609195739 0.572689196053833 0 0 0 0.758053882612406
"296" 0 14.016256942584 1.64715504818891 -0.154361171100766 0 0 1 NA
"297" 0 7.55951828222853 12.5737259511702 -0.207672289687415 0 0 0 2.17052237475984
"298" 0 23.5595859564689 2.97699383651709 -0.0521600465019492 0 1 1 NA
"299" 0 4.82118396624238 6.64595987709805 -0.62306098001277 1 0 1 NA
"300" 0 0.629615738428604 22.156453862611 -1.52629017503399 1 0 1 NA
"301" 0 0.486112581012434 2.46113186354503 0.780406804299701 0 1 1 NA
"302" 0 15.3950583818578 9.41960948639085 -1.30773506919402 0 0 1 NA
"303" 0 24.0207360480899 5.74685854166345 0.21057529963773 0 0 1 NA
"304" 0 2.3065537188923 13.0231600138271 -0.312374127043474 0 0 1 NA
"305" 0 13.2609545868534 8.4129246166158 0.346996573524462 1 0 1 NA
"306" 0 1.73046518635679 0.578729316322464 -0.00699190430097791 1 0 1 NA
"307" 0 14.5520285322713 12.3416838099806 -0.075611233222097 1 0 1 NA
"308" 0 14.1718252588485 4.89705038169297 -0.383342789440846 0 0 1 NA
"309" 0 2.4751539224894 1.60131966932008 -1.49837973933389 1 1 1 NA
"310" 0 11.6476293897071 2.23708685000666 -0.505688886923004 0 1 0 0.984954864264467
"311" 0 24.2776480021506 4.67167306100761 0.441144201039998 0 0 0 3.94736900537668
"312" 0 9.51703982252026 1.19326204879978 0.134340914645447 1 0 0 0.622051810235332
"313" 0 15.342803619107 9.22669505726516 -1.15231022783701 1 1 0 2.92516544384638
"314" 0 0.962566187412483 2.79667312344897 0.383309488491287 1 1 1 NA
"315" 0 5.85780094641731 5.67393397509432 0.619756575024749 1 1 1 NA
"316" 0 39.6205458273557 13.9819521528778 0.850340767112527 0 0 1 NA
"317" 0 18.6422081595399 12.5286175469227 2.07958667464479 0 0 0 1.51019145851265
"318" 0 3.24593161480523 4.23253387043105 -1.16640144485513 1 0 1 NA
"319" 0 37.2011644667302 3.74961611628285 -1.10101585097203 0 0 1 NA
"320" 0 11.5055325833499 3.8636680112643 -0.54266348571518 1 1 0 3.34540666740508
"321" 0 4.49294033637274 7.85320165704428 0.562694743321715 1 1 1 NA
"322" 0 2.63630087386999 17.8172059461063 -0.854313249351394 0 1 1 NA
"323" 0 16.7671075566772 0.367158915704118 0.060374664061947 1 0 1 NA
"324" 0 11.2729016763025 2.57479726947087 -2.46419094384302 1 0 1 NA
"325" 0 17.2626573959082 18.2522766027581 -1.24060833943264 0 0 1 NA
"326" 0 10.7322552458787 1.29655935856182 0.286662095955752 1 1 1 NA
"327" 0 4.30624298619857 5.93204934464905 0.15952542485239 1 1 1 NA
"328" 0 30.0073543026579 36.7155799721581 -1.82524750177131 0 0 1 NA
"329" 0 2.99316599140449 8.33116487409864 0.212480414596211 1 0 0 2.54306349585977
"330" 0 3.01183496452544 8.75304182868905 -2.44036483429756 1 0 1 NA
"331" 0 23.5235357495763 3.15900660955541 0.558582824726631 1 0 1 NA
"332" 0 13.4745735658739 4.06338495427965 -0.828050305088209 1 0 1 NA
"333" 0 4.62556142846022 6.12523362229075 -0.700599391709168 1 0 0 3.06742940839271
"334" 0 6.77474717756379 13.6451940811886 -1.83756252900968 0 0 0 4.75812551639898
"335" 0 19.5614332801155 14.7544874517491 0.761440559926731 0 1 1 NA
"336" 0 1.07970793230772 4.20727187048796 -0.978667229085912 0 0 1 NA
"337" 0 3.44370003736875 3.98670802210344 -0.880091683294754 1 0 1 NA
"338" 0 14.6603983876146 2.91719403864793 0.297599847267778 0 0 0 2.73735224403341
"339" 0 7.14775131477653 27.7718071592066 -0.53396800171871 0 0 1 NA
"340" 0 3.78731969684187 2.54007249174777 -2.03196944571297 1 1 1 NA
"341" 0 12.8084085394733 6.26080353080086 -1.04729688203233 1 0 1 NA
"342" 0 5.22935871622562 8.17807711719299 0.44701086810261 1 0 1 NA
"343" 0 0.213183297907193 5.66058626178739 1.48786240856261 1 1 1 NA
"344" 0 10.9728535490757 6.74091078631416 1.18152507629181 0 0 1 NA
"345" 0 10.9087884029041 2.3871603731871 -0.305854651248845 1 0 0 0.212602130349459
"346" 0 9.52105281263759 3.50864938235964 -0.751195179317768 1 1 1 NA
"347" 0 7.05713464884782 11.4984943157288 -1.72750393461205 0 0 1 NA
"348" 0 9.31179864448548 19.2974374774679 0.123981064796731 0 0 1 NA
"349" 0 0.935165116366478 2.93738102829632 -0.697655750974199 0 1 1 NA
"350" 0 9.48847738523605 5.19764591789728 0.0327592869008452 1 1 0 1.20992660126188
"351" 0 0.873198168765174 1.49951275814141 -0.0861298558073367 1 0 1 NA
"352" 0 1.92880522106614 10.9210108345335 1.43368030176652 0 0 1 NA
"353" 0 7.8884904629253 8.5935495853212 -0.229754021328108 0 0 0 3.06776659278361
"354" 0 3.22997939349488 9.19919707437155 0.255576275270775 1 0 0 0.149304307979738
"355" 0 1.39075416637274 3.44179052096348 -0.291471010760312 0 1 0 0.843189253218084
"356" 0 1.58775477415597 9.59295218265637 -0.378355812202124 1 0 1 NA
"357" 0 5.95043588596573 9.66093557783949 -1.40224978437115 1 0 0 1.18237888619581
"358" 0 4.21947940282106 1.73529694150998 -0.688876208366347 1 0 1 NA
"359" 0 19.4130467458247 2.4177037490368 0.335941606488162 0 0 0 0.116726698258784
"360" 0 14.1540564762118 5.11187075040157 -0.728232870829406 0 1 1 NA
"361" 0 9.1568123725345 1.18372372015615 1.99706952032398 1 0 1 NA
"362" 0 1.37400650544621 6.54804588833332 0.0987027948567756 0 0 1 NA
"363" 0 11.8376588345756 9.77426628032825 -0.228346246113047 1 0 0 2.79996182807254
"364" 0 4.50761174430941 7.72696926175551 1.58959056596479 0 0 0 0.73963163629685
"365" 0 9.9478451269995 11.0411117934364 0.470059102451774 1 0 1 NA
"366" 0 14.5690370937466 10.0681693092745 -1.15511551512166 0 0 1 NA
"367" 0 4.95266099341061 4.34754444795133 -1.62444219932296 1 1 1 NA
"368" 0 11.5463716796874 9.08675716715185 0.231004678562142 1 0 0 2.31367196191698
"369" 0 7.88090022049364 6.59216758451273 0.342857399560227 0 0 0 3.00686038902879
"370" 0 29.6054467714546 1.91920551863001 1.07007029050023 0 0 1 NA
"371" 0 5.91240838793969 47.8951910966653 -1.46082599722696 0 0 1 NA
"372" 0 16.1646950819158 13.813595332509 -0.339723455608569 0 0 1 NA
"373" 0 2.87328374382516 2.6995512074665 1.85613172616176 1 0 1 NA
"374" 0 14.819965724454 5.04087957760031 0.136235051527958 1 0 0 2.98692981511495
"375" 0 27.9351655385633 27.9120697951604 -0.116650545414652 0 0 1 NA
"376" 0 0.888914021080942 20.2102758948759 0.577636649024616 1 0 0 0.45108071039585
"377" 0 7.73678437947529 5.45417681949019 1.44353696276731 0 1 0 4.13854068391118
"378" 0 13.2768721075624 8.95579723745107 0.24290183848953 0 0 1 NA
"379" 0 5.67776262192594 2.12647631891574 0.0990482705858644 1 1 1 NA
"380" 0 1.44694041762251 1.94666952262705 -0.748333433382806 0 0 1 NA
"381" 0 16.4331412461699 0.155053783610059 -0.767760838329785 1 0 1 NA
"382" 0 2.83052057001794 7.75480942796932 1.60329074911793 1 0 1 NA
"383" 0 2.88674416499873 4.89150830094985 1.28743874055135 1 0 0 1.8635741636877
"384" 0 9.83960775347184 2.01276235488027 0.477806100754088 0 0 1 NA
"385" 0 13.3727011286274 15.59336941171 0.108583073942928 1 0 0 6.50849869775944
"386" 0 18.6332620860305 2.84111254943798 0.402433485714853 0 0 1 NA
"387" 0 21.3041136896954 10.8175615000737 0.240182506942417 1 0 0 0.509301591400131
"388" 0 2.47198428870407 8.29939968687429 0.709168198989683 0 0 1 NA
"389" 0 13.9703960348512 21.8229013786652 -0.107018145597203 0 0 1 NA
