"Z" "Y1" "Y0" "x1" "x2" "x3" "ID" "D"
"1" 1 6.00455014001839 33.8520990802455 -1.17421853017872 0 0 1 NA
"2" 1 8.87366812416407 2.96284320066704 -1.39924246966722 1 0 1 NA
"3" 1 9.79127126022816 4.31627623341198 -0.214339147921932 0 0 0 3.18549043273915
"4" 1 5.14624901818421 0.270609661623619 1.32443402103132 1 0 0 1.979292418315
"5" 1 6.19885706554894 1.37895427163005 -0.270746732691402 0 1 0 3.99107934337425
"6" 1 11.1046623191019 4.21901355543261 0.197693816413438 1 1 1 NA
"7" 1 7.74861600663834 20.2468741588617 -0.243288840876093 1 0 1 NA
"8" 1 2.08733136917319 7.79097216320019 -0.263485691743459 0 0 1 NA
"9" 1 2.48173274991152 1.61958553064576 0.220648940952237 1 0 1 NA
"10" 1 18.55358178252 0.428652295089862 0.577544451674901 1 1 1 NA
"11" 1 17.4353715433153 9.62559799716489 -0.535649180162828 0 0 1 NA
"12" 1 8.09674552411918 1.64226511282731 -2.29922869535198 0 1 1 NA
"13" 1 8.79885784858533 23.3894401038573 -1.93679979551234 1 0 1 NA
"14" 1 3.6752190513734 16.2267591668714 0.473951574858635 1 0 1 NA
"15" 1 4.11952106964673 3.2287390510232 0.48418156196043 0 0 1 NA
"16" 1 13.0739436256544 4.55808666972755 1.5457801952433 0 1 1 NA
"17" 1 29.1492350648348 9.48185487654897 -1.05568011725642 0 1 1 NA
"18" 1 4.01688953851527 10.9545705456685 -0.97562080054884 0 0 1 NA
"19" 1 1.61462345718772 3.13179597963707 -1.54994574337508 1 0 1 NA
"20" 1 3.73936506142745 3.78516843641897 0.103279164324016 0 0 1 NA
"21" 1 0.208565888186152 10.9397693292501 1.49034350786121 0 0 1 NA
"22" 1 3.86698236344048 2.0585814966465 -0.0254562227807336 1 0 1 NA
"23" 1 4.38075452246705 1.27424818106358 0.510647941141838 1 0 0 0.850591313893589
"24" 1 11.3178624398016 4.42804661616297 -0.955940537790747 1 0 1 NA
"25" 1 18.2517375480552 20.7082770463735 -1.34026199624732 1 0 1 NA
"26" 1 0.18664754772258 14.3205855972214 0.58874797863357 0 1 1 NA
"27" 1 6.91526395768236 61.2085052010598 -2.35920986544669 0 0 1 NA
"28" 1 9.82398156814556 5.53064239037357 1.23332417076482 0 1 1 NA
"29" 1 0.261246369081624 0.255676195469572 -0.952324686833275 0 1 1 NA
"30" 1 7.19939668711555 5.76226358525029 -0.240710320737511 1 0 1 NA
"31" 1 7.04628003138702 1.32457683499351 -0.457893450152922 0 0 0 3.42073935946821
"32" 1 0.909785489830804 0.752085852033198 1.29324373697305 0 1 1 NA
"33" 1 13.7694237720218 1.64289172989364 0.929219834936216 0 1 1 NA
"34" 1 18.2673438766047 0.997552608175123 0.634682004344063 0 0 0 0.149229699976263
"35" 1 1.73478330515875 0.771448877584312 1.74378040481941 1 0 1 NA
"36" 1 5.44479603837919 1.76577813175024 -0.366087497410905 0 0 1 NA
"37" 1 2.01675791532801 7.91389034140699 -0.201891984061709 1 0 1 NA
"38" 1 2.94109555387288 3.25764921398003 0.572878737082394 0 1 0 1.61489044278611
"39" 1 49.4311039516199 17.1344236053205 -0.125536123567577 1 0 1 NA
"40" 1 15.7005636045461 6.69882448365119 -0.386915418591707 1 1 1 NA
"41" 1 11.0872755505522 4.62349903525088 0.13888822648131 0 0 1 NA
"42" 1 10.7023423104575 8.04278041630097 1.46778673775907 0 0 1 NA
"43" 1 0.440922794560711 1.73140252520752 0.135161300018844 1 1 1 NA
"44" 1 12.8253673808766 1.06583422237318 -0.0123927607083896 1 1 1 NA
"45" 1 3.57982004652557 8.28985196768962 0.785379801240336 1 0 0 3.51370376405739
"46" 1 2.50068443929104 10.3650958516256 0.607421957784922 0 0 0 2.19756400163207
"47" 1 12.6738539059423 21.6091358323859 -1.4180868224266 1 0 1 NA
"48" 1 20.9933428764548 0.635601136167662 0.989805864260908 0 1 1 NA
"49" 1 7.99614505858524 1.44782536719359 0.232075393982524 0 0 1 NA
"50" 1 6.6237845602151 3.52386100380156 1.58873120615463 0 0 0 1.81942352725645
"51" 1 2.35335812096073 0.954798142486612 0.689160155723023 1 1 1 NA
"52" 1 0.979030437999295 0.412888180541151 0.325013946730554 0 0 1 NA
"53" 1 2.19346786611614 4.13833135596107 1.56621297280648 1 0 1 NA
"54" 1 18.5591980132823 1.34414449352154 -1.51376814836198 1 1 1 NA
"55" 1 5.67418489802879 5.5910741605966 -1.27687954308915 1 1 1 NA
"56" 1 1.98008905663297 12.9752875314178 0.631292143775488 0 0 0 1.00275302978869
"57" 1 18.0312764578105 6.68009108070806 0.425253782823125 1 0 1 NA
"58" 1 12.538294619872 1.42027563315107 -1.67234913410112 0 1 1 NA
"59" 1 5.43697016460475 6.72902043673675 -0.530051784624882 1 0 1 NA
"60" 1 11.0908429842101 5.61399066878435 0.132896985277626 0 0 0 4.22810921146371
"61" 1 3.26114289054912 13.1568605218731 -0.680439039003983 1 0 1 NA
"62" 1 4.89735475964027 7.24925110226386 0.730990041923623 1 0 1 NA
"63" 1 3.12642085563246 23.3526454003347 -0.460581282807486 0 0 1 NA
"64" 1 3.89236335346679 27.1679813639755 -0.468681642656823 0 0 0 2.19218962482771
"65" 1 4.72227574713438 6.96542989326348 -1.04869165563854 0 0 1 NA
"66" 1 5.31524999158346 0.665931347642517 1.656336864546 1 0 0 1.64957975076502
"67" 1 1.97148611297148 2.82860881743444 -1.64314199498664 1 1 1 NA
"68" 1 12.4932036245776 2.03828294438794 1.05515588701256 0 1 0 3.62940279771915
"69" 1 2.85954184375364 3.0284971415911 1.08963355572285 0 0 1 NA
"70" 1 12.2801718648103 0.235830960672943 0.111924012615037 1 1 1 NA
"71" 1 16.4760565671726 5.68094343012401 -1.35156440008241 0 1 1 NA
"72" 1 2.15118043794859 15.5057413022531 1.25379741904607 0 0 1 NA
"73" 1 3.65513730815076 3.44061666657608 -0.483489959922924 1 1 1 NA
"74" 1 14.0327721435661 22.0490676299218 -0.590945509431446 0 1 1 NA
"75" 1 20.5089272233326 5.66622772188232 0.732110369325833 1 0 1 NA
"76" 1 16.2766676233236 10.2103441348137 -1.30988798379455 0 0 1 NA
"77" 1 25.933395357797 7.69435135680311 -1.84011119374025 1 0 1 NA
"78" 1 7.09496241087258 5.90170401300978 -0.292237669963591 1 1 1 NA
"79" 1 1.19448162670954 10.9293040947186 0.434919875066969 1 0 1 NA
"80" 1 0.730014738100184 0.564432212346069 1.41891658100278 1 1 1 NA
"81" 1 15.0581563286471 9.13615867687765 -1.31653681039628 1 0 0 0.73236967321096
"82" 1 1.29200028170587 8.10838090807429 -0.794425549998035 0 1 1 NA
"83" 1 11.7732089700184 15.3722086005181 0.0582093708285158 0 1 1 NA
"84" 1 2.64753145132468 0.54881604650065 0.358872885286788 1 0 0 2.61666479870219
"85" 1 6.82864563094325 6.23094147513086 1.00682659641773 0 0 1 NA
"86" 1 3.30259380974565 27.1090239348807 0.498796964623062 0 0 0 2.12948788269853
"87" 1 13.9034857008746 0.632060228507042 -0.263856827429231 1 0 1 NA
"88" 1 3.48425960082263 20.1901267430719 -0.646372005366331 1 0 1 NA
"89" 1 16.7736290757818 6.66501885226206 -1.97216463346815 1 0 1 NA
"90" 1 8.81080243881222 8.33926349767195 -2.60956534179546 0 0 1 NA
"91" 1 8.08561469669526 9.64904295126969 -0.788988463149674 1 1 0 1.3227944275524
"92" 1 41.8669842386179 7.69570106656188 -1.68200050752402 0 0 1 NA
"93" 1 5.22173276625605 0.472161368030641 1.56152695985301 0 0 0 1.69080214200433
"94" 1 8.95898236211735 15.9932849541368 0.37672760710526 1 0 1 NA
"95" 1 7.5300817267321 2.0001935763014 0.0474566249793204 1 0 1 NA
"96" 1 13.0160912299334 1.89106529562726 0.38723879558574 0 0 0 7.58774603754451
"97" 1 4.01487570570845 0.841844888630084 -0.311003644583075 1 0 0 3.94937126812524
"98" 1 8.08210556587696 4.86471360111862 2.07463023316017 1 1 1 NA
"99" 1 4.73900799936735 0.655910258831559 -0.247985664164632 0 0 1 NA
"100" 1 42.4489382990034 3.78622600498529 0.052677647498927 0 0 0 1.67741493625822
"101" 1 30.8479143733086 14.5401072457684 0.991664021546515 0 0 0 1.49269498715292
"102" 1 36.9609926923948 12.1424585623081 0.430634027314509 0 0 0 1.16379886068397
"103" 1 11.0928525580957 0.911742284595656 0.23532424806555 0 1 1 NA
"104" 1 18.1984081096139 17.516412696508 -1.85901499248688 1 0 1 NA
"105" 1 6.26055123756392 1.57837877495319 0.282350762830729 1 0 0 1.59234905329526
"106" 1 15.977764233337 4.45290166174591 -0.249181597586801 0 0 1 NA
"107" 1 16.9383193317783 0.709692302198708 0.318250184269873 1 0 0 3.77781608624326
"108" 1 5.7111392918062 7.65049285686252 0.999836011875503 0 0 1 NA
"109" 1 1.28315402047871 3.50911321510619 1.16118281701415 0 0 1 NA
"110" 1 8.13766278403265 0.981064076023009 -1.07314295249123 0 0 0 2.91290251779273
"111" 1 0.625722613245017 3.32526021764904 1.36099036080613 1 0 1 NA
"112" 1 34.2624249914443 6.87872014458535 0.0582908324294534 0 1 1 NA
"113" 1 4.00106636803091 9.87854938849285 -0.643226030909653 1 0 1 NA
"114" 1 19.9595503974336 0.993176717079881 0.496782516989974 0 0 0 2.0995915993289
"115" 1 5.2831742103316 4.79630311936212 0.628656554642254 0 0 0 0.148238283488926
"116" 1 15.3558813902481 1.77375185847024 0.0242453555521337 1 0 1 NA
"117" 1 16.6113532861576 3.65171775521493 1.13879367312787 1 0 1 NA
"118" 1 4.66595134923286 8.57609762609371 2.52877380364666 0 0 0 2.65116820159048
"119" 1 49.442382682847 3.53680497824365 -1.7756488008071 0 0 1 NA
"120" 1 24.4478053873342 2.29987649919436 -0.59544327417811 0 0 1 NA
"121" 1 15.4940058640607 5.49370346572204 -1.25373150896187 0 0 1 NA
"122" 1 0.907616064073615 5.90856242411726 0.44051095249269 1 1 1 NA
"123" 1 4.14453166959326 3.85992902697733 0.048059256960042 1 1 1 NA
"124" 1 9.12841486399956 0.745377638212963 -1.24620015129668 0 1 1 NA
"125" 1 5.48824981109886 6.15055196365368 1.50873193304135 0 0 1 NA
"126" 1 1.05716680765876 0.295235476862494 -0.506891243127862 1 1 1 NA
"127" 1 8.12272392559268 7.1869261511175 -1.47180869915608 1 0 0 6.16171799616911
"128" 1 18.7714956676073 17.3739554128064 -1.14341139741193 1 0 1 NA
"129" 1 28.7458296909709 5.40156666414578 1.03254542029041 0 0 1 NA
"130" 1 4.29765169011334 5.60550077576119 -0.26464580087231 0 0 1 NA
"131" 1 12.8390664291731 0.0223817886111171 -0.0964322293276873 0 1 0 2.07489208409522
"132" 1 18.4381584544326 6.29448055881276 -0.114541022878858 0 1 0 2.03305194948183
"133" 1 4.64755542428458 15.1195432935289 -0.465203816170424 1 0 0 1.06721551620327
"134" 1 16.1430431775122 3.78441607022031 0.275790528125263 1 0 1 NA
"135" 1 20.3665327514024 2.54980871257508 -0.808571379435084 0 0 0 3.34682390986095
"136" 1 13.6270017225653 2.38740961955172 -0.976182887192051 0 0 1 NA
"137" 1 19.3441326617102 3.82537334889294 0.706556892984426 0 0 0 2.55226917893691
"138" 1 19.1121194206751 9.22458873880558 -0.258479524162829 0 0 0 4.23283451462488
"139" 1 5.24484509739938 4.69014231220901 1.33939627011397 0 1 1 NA
"140" 1 19.5450683019865 1.52461990211991 0.574922931603647 0 0 0 3.33654852185583
"141" 1 9.79049116160843 8.81216990809312 1.15760205737651 0 0 1 NA
"142" 1 3.33609156509335 18.0006430334481 -0.495378221727077 0 0 1 NA
"143" 1 6.16919777195157 3.42022895179077 0.436072338809626 0 0 0 4.74521110447385
"144" 1 17.6847049871267 33.107545544232 -0.405579217001999 0 0 1 NA
"145" 1 5.76692379485403 1.84734660934704 0.871075464686694 1 0 0 0.787825960011419
"146" 1 26.1854135114275 19.6425264148175 -0.932582761961845 0 0 1 NA
"147" 1 2.25701818445837 7.79431954809102 -0.68186592814822 1 0 1 NA
"148" 1 25.9393026784191 8.20398173337966 0.46239866380465 0 0 1 NA
"149" 1 2.74489459193745 11.6222948679242 0.0695763448122152 1 0 1 NA
"150" 1 10.6235504791125 9.46356304212694 -0.821365916397598 1 0 0 3.03502108874343
"151" 1 6.02746664905326 4.33893923027228 0.0745299708815872 1 1 0 1.40292079380597
"152" 1 2.41938187784104 2.86878029840666 0.468009807127279 1 1 1 NA
"153" 1 16.404131940508 5.47180330450404 1.01277313253749 0 0 0 0.929212058963313
"154" 1 3.75894581448572 9.43023743101148 0.298378579700645 1 1 1 NA
"155" 1 7.83409787368709 12.368549116284 -0.647924417347889 1 0 1 NA
"156" 1 6.128564453229 11.5869132520335 -1.16532661513478 0 1 0 1.39951827698465
"157" 1 14.7412300801209 1.33332347860488 0.61264133711012 1 0 1 NA
"158" 1 8.70117761775287 0.363559887987475 -1.85587059704234 1 0 1 NA
"159" 1 36.3017979325903 38.0671192002724 -1.44274873689716 0 0 0 2.99482245079094
"160" 1 11.3313968963497 3.54139947570059 -0.387198681467779 0 0 1 NA
"161" 1 7.86049657300018 0.839966287873374 0.660962494272007 1 0 1 NA
"162" 1 25.198625273448 1.86942818757865 1.74797004066287 0 1 0 0.861429623445235
"163" 1 15.0267741079817 7.39021298649735 -0.839509497714795 1 0 1 NA
"164" 1 14.7497415551872 1.76880831607639 0.147723002328549 0 1 1 NA
"165" 1 1.56550302978965 9.34381682918928 -0.15607452317382 1 0 0 1.1782708964113
"166" 1 34.933133379729 7.17938725277533 -0.438166130103947 0 0 1 NA
"167" 1 4.57771866816252 0.335201635272451 1.661944922811 0 0 0 3.25222446037084
"168" 1 15.6097186752677 1.95315128866744 0.282301970852459 0 0 0 0.190255711439974
"169" 1 2.26608581059148 3.27706011719991 1.03513758065645 0 1 1 NA
"170" 1 8.48416135927371 15.3544984942712 -0.407643290456539 0 0 0 3.22695995337626
"171" 1 2.8095380835078 2.96372856367478 -0.490782601769382 1 0 1 NA
"172" 1 2.17444464671623 5.67223164670571 1.07549982450825 1 0 0 1.67129326314679
"173" 1 5.29414691445394 0.584219799648798 0.2326405123227 1 1 1 NA
"174" 1 12.1727990448927 12.3335453123019 0.620130293770854 0 0 1 NA
"175" 1 14.2785291259015 0.114667995117698 1.02417709616439 0 0 0 1.01068324711056
"176" 1 3.83634493190377 5.15207565326682 -1.74677010509592 1 0 1 NA
"177" 1 3.89700071560121 4.95969986456956 0.716968011486588 1 0 1 NA
"178" 1 4.93267362204421 20.7395654875627 0.25693950128555 1 0 1 NA
"179" 1 5.74597481075383 1.94486832243936 0.0467082201684414 0 0 1 NA
"180" 1 2.13512325903601 2.13394488512137 0.6368163872376 1 0 1 NA
"181" 1 8.83579429103996 16.4127670012369 -0.298208659900891 1 1 1 NA
"182" 1 56.1058926629553 37.9872105516751 -0.196687105995778 0 0 1 NA
"183" 1 17.3864332361411 1.52127296057353 -0.416524394826575 0 0 1 NA
"184" 1 10.9048803756991 12.9741795073296 -0.264199837350492 1 0 1 NA
"185" 1 30.4260965274482 33.1305300482994 -0.976772660077259 0 0 1 NA
"186" 1 10.690971299204 1.25888100981187 -0.608240915046705 1 0 0 2.34370390704297
"187" 1 9.34605771746512 0.557876344723662 0.534197256321142 1 0 0 2.40056188513916
"188" 1 11.5750948680023 14.6949710417222 -1.26319124239417 0 1 1 NA
"189" 1 21.6754262039648 3.46328722494719 -0.859312126026335 1 0 1 NA
"190" 1 44.0926628960053 5.05994537889483 -0.521362775339504 0 0 0 1.31796376735587
"191" 1 1.74862494606529 6.29886905384438 0.637510150116048 1 1 1 NA
"192" 1 20.1930238598655 14.7654321384747 -0.698947645518462 0 0 1 NA
"193" 1 2.99714020243561 4.47312416343944 1.6097563299012 1 0 1 NA
"194" 1 20.9393427345275 4.79998487663049 0.165279694702236 0 0 1 NA
"195" 1 8.4452503472262 4.30334123270013 0.639472430209842 1 0 1 NA
"196" 1 0.950014801936165 9.76578468780689 1.5340975306713 1 0 0 0.713004487528589
"197" 1 0.818651888035345 6.26386373246574 1.35297797284346 1 1 1 NA
"198" 1 6.96725666437903 1.90050833220469 0.135452051186932 1 0 1 NA
"199" 1 0.378758777879576 2.34527165234666 0.125308866005176 0 0 1 NA
"200" 1 12.9486713921436 0.161060760144876 0.603858117590554 1 1 1 NA
"201" 0 21.1710299682923 8.07836964301666 -0.739398215680846 1 0 1 NA
"202" 0 13.0065076410482 7.95376833841983 -0.629618628663584 0 1 1 NA
"203" 0 18.8088239318299 9.3360860862513 -0.264241989412405 0 0 1 NA
"204" 0 19.1705016370684 13.3274121263575 -1.79439021180745 0 0 0 6.17293633727019
"205" 0 4.9585257581993 3.80757057676668 0.924501456478815 1 1 1 NA
"206" 0 6.99343488885654 1.57045669783273 2.4375890775179 0 0 0 2.06714270212581
"207" 0 10.6574854619056 12.3919442156386 0.389250787334102 1 0 1 NA
"208" 0 5.22720408467791 1.19825812852595 1.19210503144733 1 0 0 0.743207457721639
"209" 0 10.9045376569173 15.4643027689685 0.440446602898094 0 0 0 4.65315162118922
"210" 0 23.9436566051171 8.46868657397731 0.712019121369127 0 0 1 NA
"211" 0 10.0358335399463 2.37080398928136 0.747044772243573 1 1 1 NA
"212" 0 7.00569765035404 1.11246036026008 -0.226223057504152 1 0 1 NA
"213" 0 2.52562181875228 9.98580739708528 -0.18274639092217 0 1 1 NA
"214" 0 7.39175808247869 2.43709419592399 0.991393217708793 0 1 1 NA
"215" 0 4.37165612624118 3.86061561765595 1.68056790677011 1 1 1 NA
"216" 0 14.186202826259 8.99132368511294 0.513641205084384 0 0 1 NA
"217" 0 2.19621997767739 9.96419331468181 0.305959258572165 0 0 1 NA
"218" 0 16.970773500387 9.07847842288859 -0.760321352834569 1 0 1 NA
"219" 0 14.6926508853911 14.1989739623647 -1.54669813241414 1 0 1 NA
"220" 0 21.3318808724594 1.14334425121664 0.178279098137369 0 0 1 NA
"221" 0 1.42930573255428 0.486753120517691 -2.33703372305833 1 0 1 NA
"222" 0 4.56117963092192 0.0301711587362357 0.219937399079502 1 0 0 2.71684043608457
"223" 0 5.71713116234262 4.10610999592387 0.342719258987027 1 0 1 NA
"224" 0 11.7481442076271 3.65284714240557 -1.24644739665519 0 1 0 2.98187292918546
"225" 0 18.8742802361729 20.5829703973453 -0.349860454840067 0 0 1 NA
"226" 0 10.2951286932111 2.38937222233129 0.223830309424867 1 0 1 NA
"227" 0 6.43400475854454 0.472681549757954 0.00568702058931744 0 1 1 NA
"228" 0 4.18403881115892 0.212357497848253 0.395798924691686 0 0 1 NA
"229" 0 5.83726690695108 1.28382249957397 -0.893607116211039 1 0 0 2.27908453726097
"230" 0 1.94872491258169 1.0499263214071 -0.631642265411402 1 0 0 1.32255463403082
"231" 0 16.3553849537707 2.48085365941024 0.455678745194397 1 0 0 2.9623205562936
"232" 0 2.50883465336216 0.261880914969943 0.751706674759218 1 1 0 0.51533585996265
"233" 0 3.66115468644278 29.8814235050884 -1.12739445307391 0 0 0 2.6046738990899
"234" 0 5.77190003443469 3.21499756430113 0.676778894406958 1 1 0 2.47458632974769
"235" 0 10.6260146675347 10.6763634119684 0.613880933921801 1 0 0 5.72104000279298
"236" 0 15.9936604944961 8.31910603919514 -1.13407207479586 1 0 1 NA
"237" 0 1.12413656340135 3.7749416035915 0.409625941881096 1 0 1 NA
"238" 0 49.1092194376333 0.00590449117147996 -1.89454013482306 0 0 1 NA
"239" 0 1.3223707121054 14.6248392762981 -0.348629538499247 1 0 1 NA
"240" 0 4.67343576795874 4.64396261991703 1.766462026948 0 0 1 NA
"241" 0 2.09562880012751 2.65386943086601 -0.176228846385036 1 1 1 NA
"242" 0 2.01069895330841 8.5088755303294 -0.722599060917142 0 0 0 1.48514708352932
"243" 0 6.30803639966129 1.32387197248003 -0.150315427904092 0 0 0 1.86149015813192
"244" 0 4.33585964185791 0.117600702147968 1.86350309735749 1 0 0 2.42538052577043
"245" 0 5.41845608904775 1.690278552998 0.0712562824921951 1 0 1 NA
"246" 0 19.4332847555797 3.50598451054577 -1.65940823847435 1 0 1 NA
"247" 0 11.2908773822535 1.11224812153112 1.22809752674175 0 1 1 NA
"248" 0 10.2722129189916 2.82248178026645 -1.03963160248745 1 1 1 NA
"249" 0 22.3230959104617 10.8363035808512 -0.341083879198121 0 1 1 NA
"250" 0 3.16219377529226 27.6162456546053 -0.369438272433851 1 0 1 NA
"251" 0 4.82245411851409 1.39202684983341 0.0617407251233083 1 0 1 NA
"252" 0 6.69765104287143 12.5736796735646 0.677065510803889 1 0 1 NA
"253" 0 4.82638984419438 1.49297920327054 1.68099902452263 1 1 0 0.727995844020074
"254" 0 8.54003575086454 8.61011448767261 -0.726644605562608 1 0 0 3.09357421364366
"255" 0 13.2495548422096 6.98216616446082 0.524666284163023 0 0 1 NA
"256" 0 2.580299201445 7.32388149661401 0.702507989510784 1 0 1 NA
"257" 0 0.465710382491334 21.1703796840449 -0.801716064749085 0 0 1 NA
"258" 0 39.9505485502936 11.8811571356321 -0.447912925724601 0 0 0 1.82542507640187
"259" 0 1.15850535661968 4.01522024285572 0.798496497846091 1 0 1 NA
"260" 0 3.08312870382104 5.45983898235388 -0.105710937676491 0 1 0 2.94724782663086
"261" 0 14.2060931683732 7.19116168466954 -0.695251720088926 0 0 1 NA
"262" 0 4.99437554523997 0.423820323018068 1.31513531097259 1 0 0 0.759916251711326
"263" 0 10.9316905025301 6.62441878015531 -0.195152385742394 0 0 0 2.13372982050468
"264" 0 3.51442014420815 4.04527220779976 2.64950360678667 0 0 0 1.39702303923753
"265" 0 3.34228224892898 2.61092518158333 0.0326106761244257 1 0 0 2.75001878205865
"266" 0 6.21823800847982 0.600551108559009 1.55097542629302 0 1 1 NA
"267" 0 9.8115473551178 1.95909158634167 -0.707891239142673 1 0 1 NA
"268" 0 5.75313422856081 4.88044593980525 -0.374369858463544 0 0 1 NA
"269" 0 4.15884118527481 6.73374384241694 -0.176322583631566 0 1 0 0.351408682931975
"270" 0 3.34529795281014 2.76865849339057 -0.0183127388002538 1 1 1 NA
"271" 0 27.3905056811595 4.55469282692621 -0.931520683433261 0 0 1 NA
"272" 0 9.94306867009399 0.430569361026172 -1.07298680882265 1 0 1 NA
"273" 0 5.20799932266573 0.407653390421641 0.855940884162416 1 1 1 NA
"274" 0 4.29423336420311 1.2329138693045 0.121543198315769 0 0 1 NA
"275" 0 4.49218179661867 0.899568524304011 0.21777319879267 1 1 1 NA
"276" 0 31.5779468538814 0.586135920988664 0.0791972394528888 0 0 0 2.16738418091435
"277" 0 0.660098562804304 2.27511248096135 0.175913257886874 0 0 1 NA
"278" 0 6.92811501918652 6.54234769574884 -0.612672313792809 1 0 1 NA
"279" 0 3.16986578711206 5.14668793557528 -0.240461891170452 1 1 1 NA
"280" 0 7.27948222134031 2.76459900860528 -1.51174622515036 0 1 0 1.94068502092407
"281" 0 6.97439723358678 23.9024436895343 -0.516424092767562 0 0 0 2.1024299779221
"282" 0 11.4861657512299 27.291352511932 -1.30124034831387 0 0 1 NA
"283" 0 10.3752125752081 5.15635760385719 0.828702673295744 1 1 1 NA
"284" 0 19.9463627058466 18.8125471102898 -0.684070619314622 1 0 1 NA
"285" 0 14.7843064446189 1.04290919180531 -1.19616021252167 1 1 1 NA
"286" 0 3.21907860007252 7.13791488093891 0.116603039271159 1 0 1 NA
"287" 0 2.65995257075675 2.07874845402772 2.43442011219805 0 0 0 1.1253630265957
"288" 0 2.79987036578399 7.58179439310075 -1.55780631847446 0 0 1 NA
"289" 0 3.03585806788378 1.96354286822338 1.92135553787135 1 0 0 2.1944176285495
"290" 0 5.71791330604632 2.32328033249701 0.517126181253369 1 1 0 2.22632514249751
"291" 0 5.53127344490299 1.79463431919799 2.43760133447548 1 1 1 NA
"292" 0 23.513215389323 1.09790102451463 0.783267016829105 0 0 1 NA
"293" 0 14.5860377203039 6.25038890754981 -1.17901451045998 0 0 1 NA
"294" 0 6.18422202209153 4.55783160455272 0.486649992947677 0 0 1 NA
"295" 0 0.157394519597922 0.992416008882526 -1.36529824779608 1 1 1 NA
"296" 0 4.97627272504469 1.73492442039544 2.81635942040601 0 0 0 0.676066185194975
"297" 0 11.8847344729918 17.0342941756235 -1.85044713886728 0 0 1 NA
"298" 0 1.06289826131433 1.06964451532158 -0.909851545426956 1 0 1 NA
"299" 0 21.6165392095867 3.58345490888578 0.512010457710276 0 0 1 NA
"300" 0 7.42608748616169 3.94229013407424 -0.398438829446905 1 0 1 NA
"301" 0 6.89995589490325 6.33410550957314 -1.88863201129194 1 1 1 NA
"302" 0 11.1432686324697 0.713958011542352 -0.55986814143935 0 1 1 NA
"303" 0 13.6707032390822 3.19970710063112 -0.599115441575189 1 0 0 0.661812965589276
"304" 0 21.6437815043426 2.48609273319437 -0.586646573622612 1 0 1 NA
"305" 0 3.81234094724386 4.22965642796034 1.91930909699012 1 0 0 1.97003507158154
"306" 0 28.2936311391794 5.96040646993334 -1.62177476432578 1 1 1 NA
"307" 0 0.458039291117011 5.88601594092846 -0.754256820602508 0 1 1 NA
"308" 0 0.928110249998725 3.80214414384923 -0.38654166553471 0 0 1 NA
"309" 0 5.05615080950369 8.60652067937389 -0.249389141712623 1 1 1 NA
"310" 0 3.26562541280372 7.722005502883 0.186611821925752 1 0 1 NA
"311" 0 0.92070870130226 0.527139225747712 -0.668388390054353 1 0 1 NA
"312" 0 11.1538945737417 5.34509936269476 0.0624347522303502 1 0 0 0.973753280343269
"313" 0 5.28615264582102 0.726417513380775 1.36319611928989 1 0 0 0.64879578932946
"314" 0 0.480094016956021 8.47197431472054 0.985985112095002 1 0 1 NA
"315" 0 19.1933249521769 14.6072962743128 -0.217091809805873 0 0 1 NA
"316" 0 13.6363498326574 11.7839286616787 1.02627657813135 0 1 0 0.67333406027565
"317" 0 29.4160086946182 6.8025624837335 0.2718913029911 1 0 1 NA
"318" 0 3.96359418091199 6.31510564761744 0.607288925913383 1 0 1 NA
"319" 0 4.819666678451 1.1796701290348 -2.41666310696728 0 1 1 NA
"320" 0 9.85920539541213 5.83637828826402 0.642646249987854 0 1 0 1.02236470734886
"321" 0 3.52825732179727 1.55146999875438 1.86533294089082 1 1 0 1.5406603550621
"322" 0 10.3590396686931 16.7244231567356 0.253287050492118 0 0 1 NA
"323" 0 14.1170333375083 12.3411383098037 -0.253999529795173 1 0 1 NA
"324" 0 8.0151948535907 13.8764125436486 -0.752795539078474 1 0 1 NA
"325" 0 5.24437485293566 1.91091116444383 -0.440536625508376 1 0 1 NA
"326" 0 5.06845847715165 4.52400390849526 -0.0915330761119533 1 1 1 NA
"327" 0 8.49279011480635 10.6059258284961 0.884060866908542 0 0 0 0.771183973733634
"328" 0 5.67332166812807 3.36495726603419 0.125943334209127 1 0 1 NA
"329" 0 10.7996014611075 5.27410862738034 -1.22940314751018 1 1 1 NA
"330" 0 5.04247265149021 1.97907338403667 -0.621048332570212 0 0 1 NA
"331" 0 20.1567977589547 13.0329975882611 0.282179383064434 0 1 1 NA
"332" 0 4.04081713908596 3.97799001087974 -0.113013596559248 1 1 1 NA
"333" 0 14.2790915262124 9.08334515732175 -0.0750177361956243 1 0 1 NA
"334" 0 1.20049296592265 1.03437612963186 0.382403334379204 1 1 1 NA
"335" 0 17.3659610281054 1.12155609059584 -0.782648039337317 1 0 0 1.5654086223568
"336" 0 2.90227385202112 4.77821230426707 -0.146359336213408 1 0 1 NA
"337" 0 3.9251611968427 4.38337315163716 1.43049235231016 0 1 1 NA
"338" 0 14.6337096469633 5.07595286396363 0.370546606588089 0 0 1 NA
"339" 0 0.781506050173644 11.4012423763537 -0.685590353864974 1 0 1 NA
"340" 0 6.37055311366282 8.89781452839568 -0.849634626637339 1 1 1 NA
"341" 0 6.74117243656904 0.881066637796448 1.7731514077158 1 1 0 1.45503323271181
"342" 0 10.3181418638881 1.59032362195295 0.738925846041194 0 0 1 NA
"343" 0 25.5493964489373 3.50965583973265 -0.367639916383031 1 0 1 NA
"344" 0 31.1379914486935 7.31075500781579 -1.86016085769814 1 0 1 NA
"345" 0 4.84595141172667 0.639696491288618 0.660510417565747 1 1 1 NA
"346" 0 22.6906975573755 19.1626847920835 0.116208759721055 0 1 1 NA
"347" 0 32.1714765747491 24.7988764096025 -1.57101925784794 1 0 1 NA
"348" 0 8.6307352178692 1.14030131888407 0.19073064958879 0 1 1 NA
"349" 0 4.44087440787642 1.443676257359 -0.582144155109961 1 1 1 NA
"350" 0 17.1772648767152 2.72395016795984 -0.658636712553978 1 0 1 NA
"351" 0 5.91406466126569 0.261288187117039 -1.52050973580375 1 0 1 NA
"352" 0 15.2741225260982 5.59036735065539 1.53689837077773 0 0 1 NA
"353" 0 2.67156056561655 11.4471386390226 1.35153485799498 0 0 1 NA
"354" 0 19.6474438470106 4.81777690027337 -0.63754373782017 0 1 1 NA
"355" 0 16.2183964142707 0.898775136383213 0.532402461370246 0 1 1 NA
"356" 0 0.229019434899432 3.45656042720518 0.908099253411926 1 1 1 NA
"357" 0 5.39538439005519 8.64924042305833 1.92566945335073 1 0 0 0.0309835014268508
"358" 0 8.82678585524365 3.55371376050848 -0.625865419266383 1 1 1 NA
"359" 0 27.5727921309863 5.43834611684792 -0.617339881865209 0 0 1 NA
"360" 0 2.37466987899564 3.85460454997264 0.930097640187102 1 0 1 NA
"361" 0 2.05340609879319 0.750693562226249 -0.994734594926356 1 0 1 NA
"362" 0 3.71754171297784 1.17263345668329 1.22585713746718 1 1 0 1.2645685930841
"363" 0 4.82997142706964 1.41295520776094 -0.197643280944243 0 1 0 4.04012431385966
"364" 0 10.3483934428643 4.8902724155241 0.530309798081759 0 0 0 1.43419380260705
"365" 0 1.84149939147687 2.21667669618722 -1.77683154670944 0 0 1 NA
"366" 0 16.5784040990928 5.59432344174271 -0.572866222135696 0 0 1 NA
"367" 0 4.1496669608796 3.09473876608063 -0.158296763471832 0 1 0 4.07276763948273
"368" 0 3.79959937690849 3.97073520615971 0.79200421548622 1 0 0 3.2509296984439
"369" 0 4.12998982244288 3.87488875654051 2.25480175821634 1 0 1 NA
"370" 0 15.672948415402 11.5654736190393 -0.0442672901586205 0 0 0 0.57529200161087
"371" 0 11.8417889165936 0.65737449138853 -0.465171004214495 0 1 1 NA
"372" 0 18.2436075136065 14.472447230892 -0.419168550785673 0 1 1 NA
"373" 0 3.86279444948129 17.1749629875967 0.962836402196653 0 0 0 1.28374315742165
"374" 0 5.60762308968033 4.38413983530504 2.67317418281744 0 0 0 0.887954082127627
"375" 0 15.0900299940778 2.88591624706885 0.419724615192252 1 0 0 1.46062014792903
"376" 0 5.08317305017914 14.5940027181842 -0.754991365024075 0 0 1 NA
"377" 0 4.22364739215617 9.65693659038691 -1.25284102605111 1 1 0 2.24667683679465
"378" 0 20.6174869777148 8.13513243829547 -0.590491850000751 1 0 0 3.7540261059319
"379" 0 9.16784888913965 6.30738597687764 0.124840406474047 1 1 1 NA
"380" 0 2.29817280681184 13.4788968149689 -0.425050166927935 1 0 0 1.26152032589084
"381" 0 10.9779809842872 0.463857188199992 -0.374856033055835 1 0 0 0.847305470709261
"382" 0 4.97840248181921 3.07877791642948 -0.0218565381373238 1 0 1 NA
"383" 0 18.5330087712325 1.28253127770452 -0.026264426629044 1 0 1 NA
"384" 0 19.8001153154502 14.3573433394568 -0.267363713573969 0 1 1 NA
"385" 0 6.24493399394165 2.76272581394043 -0.683898300606383 1 0 1 NA
"386" 0 2.60196551646704 16.2492288940306 -0.085759047930235 0 0 1 NA
"387" 0 7.65357628491815 11.7816339786275 0.726620900500908 0 1 1 NA
"388" 0 17.3614836672703 12.4411271017913 -0.695800446798368 0 0 0 2.97215040282196
"389" 0 16.1934106073682 5.72718003519645 -0.186976958700395 1 0 1 NA
