"Z" "Y1" "Y0" "x1" "x2" "x3" "ID" "D"
"1" 1 4.05696420719761 6.19783279857507 -0.294795858739903 0 1 1 NA
"2" 1 4.22352441459051 8.75977699013802 0.478956663252767 1 0 0 0.964121972411581
"3" 1 5.15851453673948 1.28845406473495 0.983869618274369 1 0 1 NA
"4" 1 8.91023710558997 0.443261446307955 -1.11963308094827 0 0 0 2.95367754071121
"5" 1 4.47483653163563 5.4302343544512 -1.57025566799439 1 1 1 NA
"6" 1 3.63202462425279 13.3696437654025 -0.433324437958399 1 0 0 0.612813384631001
"7" 1 5.48125577203925 4.24842346600063 0.484176406319212 0 1 1 NA
"8" 1 6.927478345539 3.80127698819501 -0.32544465877522 1 1 1 NA
"9" 1 0.902290033766713 4.7413662655511 0.400733562711551 1 1 1 NA
"10" 1 6.88318892074113 11.7970632411895 -1.87632249442932 1 0 1 NA
"11" 1 23.515693074081 5.1139887266917 1.13811837612863 0 0 1 NA
"12" 1 15.5446579396821 2.72133236331782 0.940818774153704 0 0 1 NA
"13" 1 18.8761423624722 7.90004149686216 0.495540758670672 0 0 0 2.47333111678157
"14" 1 36.683172168153 1.24501054966523 -2.85479982475289 1 1 1 NA
"15" 1 18.5534805553777 6.58159966724794 2.36228377828151 0 1 0 0.792981977107821
"16" 1 2.5930044285858 1.29757740506322 -0.328427288163032 1 1 0 1.4238121099313
"17" 1 12.2556251353 4.99198005935174 -1.41069706840527 1 0 1 NA
"18" 1 14.1031428958809 5.3000116052185 0.989100021386556 0 0 1 NA
"19" 1 24.7165577715747 13.2810544279978 -2.34542101118142 1 0 1 NA
"20" 1 11.7425481741362 1.07543347253969 -0.875367394073308 1 1 1 NA
"21" 1 3.76433976879809 21.3104004156944 0.388579588167902 0 1 0 2.3746424502795
"22" 1 9.1419621184219 0.908463353363526 0.678019092610377 1 0 0 1.50998213409436
"23" 1 15.655204602242 6.44518103613631 -0.570388585287749 0 0 1 NA
"24" 1 6.1119965965553 3.21436328541824 0.204633208742941 0 0 1 NA
"25" 1 1.43833458373813 0.599494119636231 1.4570754240087 1 1 0 0.716613920165765
"26" 1 3.21962830806038 10.8624846091325 1.61592826779113 0 0 0 2.69516705533386
"27" 1 2.39335172821299 14.5254170531211 0.407146776612798 0 0 1 NA
"28" 1 11.9822306555373 4.24567563197926 0.39884650437089 0 0 0 2.53702814835754
"29" 1 8.27205852740253 11.8032021340453 1.66602615717643 0 0 1 NA
"30" 1 6.29598102561299 3.4030167628638 -1.39018291198734 1 0 0 4.61999803434079
"31" 1 6.60982473954792 3.04081192197014 -0.579546737576606 1 0 1 NA
"32" 1 3.79569102020134 11.9137375178556 0.573827043432313 1 0 0 0.75798418150031
"33" 1 6.53957781082339 0.443435658167105 0.58729860153039 1 1 0 2.31600650242416
"34" 1 2.95744757968052 5.24443752410802 0.334841435275718 0 1 1 NA
"35" 1 5.62516281757221 6.5629410701997 -0.160965713579714 0 0 1 NA
"36" 1 36.5191608311813 0.159518671296208 -1.04921350361062 1 0 1 NA
"37" 1 2.07654788037649 16.155233585472 -0.19172656401691 0 0 1 NA
"38" 1 3.38303088339497 0.436263160017175 0.902377112334799 1 0 1 NA
"39" 1 1.76440877983115 9.89578807079112 0.197740657543182 0 0 1 NA
"40" 1 3.02035479733212 0.518582690317594 -1.10271765493854 1 1 1 NA
"41" 1 2.14527837697606 6.76635200470025 -0.199747565727272 0 0 1 NA
"42" 1 3.48480827646896 5.13131566489981 1.00251827969725 1 1 1 NA
"43" 1 8.96959534133476 1.36896686932344 1.19239108858286 0 1 1 NA
"44" 1 15.1167786679261 9.74548391770258 -0.261079024493182 0 1 1 NA
"45" 1 16.4615938531758 7.38812969103589 -0.0752677564390337 1 0 1 NA
"46" 1 0.914979379002477 5.48461182355387 0.978017341090485 1 0 1 NA
"47" 1 18.3615760919653 6.31444838884661 0.150037532156742 0 0 0 2.33627376573928
"48" 1 2.5090405014588 7.30241950200302 1.60166470291984 0 1 0 0.558319963927865
"49" 1 12.1221817985432 7.41667451951418 -0.930926841818096 1 0 1 NA
"50" 1 2.15722030688974 5.59805807855225 1.72874494710278 0 1 1 NA
"51" 1 15.229145708267 1.95853709372051 0.529746681512364 1 0 1 NA
"52" 1 14.4090037810827 11.3279040626488 -1.15332457013999 0 0 1 NA
"53" 1 15.3164021690218 1.25463098405019 0.697945391940235 0 1 0 3.69544075361306
"54" 1 0.922263270908071 0.448823324858776 0.324773435580129 1 0 1 NA
"55" 1 15.0776806227675 34.6326427043715 -0.801825357058209 0 1 1 NA
"56" 1 1.85117018422353 7.00483365020357 0.259357191969722 0 0 1 NA
"57" 1 0.0465798663326343 6.68760447159846 1.69154404185708 1 0 1 NA
"58" 1 0.799700373810117 2.22861451652634 0.414564444934247 1 1 1 NA
"59" 1 2.88205580479233 5.6598869568401 -0.0746743796165146 0 0 1 NA
"60" 1 5.43131352347295 1.93776875055312 -1.07718727329097 0 1 1 NA
"61" 1 11.5822710455637 3.38191178850378 -0.187017272293689 1 1 1 NA
"62" 1 5.35901239659114 2.22844342916291 2.22209000972234 0 0 1 NA
"63" 1 5.46756910549228 2.04376353002136 -0.354785495653761 0 1 1 NA
"64" 1 11.2204287653168 2.65255511858729 0.894920898075686 0 1 1 NA
"65" 1 3.6070366025357 0.346401035521513 -0.768236074325998 1 0 1 NA
"66" 1 1.51024694277265 9.17155233299973 -0.427216519314597 1 0 1 NA
"67" 1 53.6293840148709 4.11325229797809 -0.591558885211907 0 0 0 0.34215720181927
"68" 1 13.249140721503 10.7106890972135 -0.897334040061838 0 0 1 NA
"69" 1 8.29913205972125 36.8013805566318 -0.32682629333459 0 0 1 NA
"70" 1 9.29640901479335 3.24157004955241 0.244443310005541 1 0 0 0.800074027881637
"71" 1 1.36806106802418 4.54683216409719 0.161097594043057 1 1 1 NA
"72" 1 6.0284254652836 2.18232552070837 0.113369330179786 0 1 0 1.07340397620056
"73" 1 45.1913062192407 9.06775332940948 -0.863668591646026 0 0 1 NA
"74" 1 5.70941661200822 13.2044289471184 -1.71654753595684 1 0 0 1.63498345361732
"75" 1 0.251507818446335 2.23701447490038 0.407459747548557 1 1 1 NA
"76" 1 2.01377310879125 6.76121286839498 1.06028837756479 1 0 1 NA
"77" 1 18.6183049411408 13.1064548964504 0.838268929244424 0 0 1 NA
"78" 1 24.0221602833978 17.2620516326719 -0.805353060433458 1 0 0 1.23536782650336
"79" 1 5.63651504896825 6.71360545773363 -0.75161010668849 1 0 1 NA
"80" 1 16.5854263503719 0.160868348787416 -1.00485535803072 1 0 1 NA
"81" 1 30.5210589337596 0.789575044993193 -1.60693182230732 0 1 1 NA
"82" 1 0.591401572842243 10.4030267749576 -0.257616405907832 1 0 1 NA
"83" 1 12.5268492167467 13.9286627623883 0.600487656585547 1 0 0 2.22343801072203
"84" 1 3.91479943118346 17.6958915664041 -2.1217510073325 1 0 1 NA
"85" 1 1.48777654413472 6.18904082309795 -0.536335284484185 1 1 1 NA
"86" 1 7.87378920501473 7.38432079158783 -1.0550496484002 1 1 1 NA
"87" 1 15.9752792860947 0.417049950682532 -0.327346337893706 0 0 1 NA
"88" 1 1.31724777891325 3.92443078671918 -0.218609506139239 1 0 0 0.183215550212181
"89" 1 2.59612657941422 2.58976674726834 0.802893281641496 0 0 1 NA
"90" 1 7.41196341045411 2.35606240292452 0.273478225753028 1 0 1 NA
"91" 1 2.83502965768477 9.38812465456866 1.81282707186235 1 0 1 NA
"92" 1 34.6704960876575 12.7117626579757 -2.59527178032733 0 0 1 NA
"93" 1 20.8174040937385 4.17389583458675 0.640989679551728 0 0 1 NA
"94" 1 5.59045834800119 10.5525645608786 -0.549249820456101 1 0 1 NA
"95" 1 8.22182108837985 9.13833110247178 -0.44259708949582 0 0 0 2.43736609676965
"96" 1 8.92404423619999 15.0895390084954 0.553558150533977 1 0 1 NA
"97" 1 9.30650331829808 2.99171188164249 -0.662675258108645 0 1 1 NA
"98" 1 17.1832608715603 8.46775912936876 0.336360684439859 0 1 1 NA
"99" 1 42.2385887400939 29.6210025669124 -0.0885306979673738 0 0 0 0.408407602689709
"100" 1 33.7838966491201 31.8576842377292 -0.627757557255679 0 0 0 1.60534696525824
"101" 1 4.33083714195579 2.38640384473003 1.16712566761964 1 0 0 1.7455126993513
"102" 1 6.40968490539039 2.45656422899751 0.0696426342715917 1 1 0 0.770839115933036
"103" 1 16.1192140790545 2.53581531972662 1.41642731851984 0 0 0 0.892091498538081
"104" 1 18.6209696901467 2.16323549576731 0.548287940869556 0 0 0 0.445772302433191
"105" 1 37.5432650813566 16.257597854914 -2.07718529656676 0 1 0 0.688923367115522
"106" 1 3.74774002623014 1.88484577036834 0.0955283269748896 1 0 0 2.20452531464233
"107" 1 0.340819387121102 3.16467806507184 0.0438142801215077 1 0 1 NA
"108" 1 33.1904740647187 2.05184701535957 0.55654336781969 0 0 1 NA
"109" 1 3.69926981360585 8.90849078539468 -1.44709268360845 1 0 0 2.50747770936811
"110" 1 11.2539372254195 3.26491094065175 -1.12961734729813 1 1 1 NA
"111" 1 20.9914082290974 7.70985544325579 -0.154910461961978 0 0 1 NA
"112" 1 6.48537058417669 16.9871728764199 0.873974971497506 0 0 1 NA
"113" 1 13.6837008259996 1.37118376260656 -1.02323475114884 1 0 0 1.88060219348818
"114" 1 4.48097463861974 2.01728643919206 1.26381641759225 1 1 0 1.68546913183958
"115" 1 5.7230215455495 5.69904543648707 1.24465548683245 0 0 0 2.87623312195236
"116" 1 10.671710046591 3.32546485629767 -0.802145724079946 1 0 1 NA
"117" 1 12.9403134597188 2.80059583518298 -1.20980691829442 0 0 0 1.64597772870674
"118" 1 3.70137870655831 23.0043176139455 -0.319673124234049 0 0 1 NA
"119" 1 14.6520837850224 18.2288794698282 0.133078287933995 0 0 0 2.21935508611761
"120" 1 2.57029490923987 7.44022667730469 0.398957322606267 1 0 1 NA
"121" 1 6.61234044796829 18.292965733182 -1.75997155829622 0 1 1 NA
"122" 1 8.30992405253665 2.90230145559017 -1.53829180511337 0 1 0 2.91797441875439
"123" 1 29.717959747052 6.18708438307513 0.801365599840358 0 0 0 3.33572033707286
"124" 1 56.7189720741344 4.57596080939983 -0.121736778541441 0 0 0 0.975132784059176
"125" 1 14.1499323857728 3.38073924842567 1.16937022838701 1 1 0 1.197624848132
"126" 1 2.76796206778131 2.19086347960653 0.20120939776205 1 0 1 NA
"127" 1 2.9483009545569 3.55889411905906 2.16584053258697 1 0 1 NA
"128" 1 26.9150995692328 12.133722382027 1.62422966842686 0 0 0 0.238465041111672
"129" 1 13.5530883425994 0.603854902944518 -0.604602321490484 0 1 0 3.49869316891054
"130" 1 21.269770432864 2.21013670977915 1.52716292374784 0 0 0 1.76417587775266
"131" 1 12.4692653324124 0.3402881073771 0.729375348222502 1 0 1 NA
"132" 1 2.82223803981271 5.37784870897941 0.621519087660194 0 0 0 2.60640958273678
"133" 1 14.7745538311229 21.1252566833351 -2.1108347093534 1 1 1 NA
"134" 1 5.76712657845376 9.10422909860134 0.46926398367802 1 0 0 1.7105599038075
"135" 1 11.8484738411237 1.36872695095567 0.0870791788736181 0 0 1 NA
"136" 1 7.69875809490585 0.15846032377056 -0.770967682297556 0 1 1 NA
"137" 1 2.16792192923759 9.08117311838792 -0.0409653579502493 1 0 1 NA
"138" 1 6.96335481115405 4.19226530864885 -0.71802991280259 1 0 0 4.9981948706105
"139" 1 20.0739907330678 11.1744090723884 -0.96062850878667 1 0 1 NA
"140" 1 11.6010857202957 18.9782996865604 -0.222553708086236 1 0 0 1.58785994967634
"141" 1 2.78040379739029 5.23352134308975 0.885312446585336 0 0 0 1.58842820886892
"142" 1 4.82657598496565 12.8003486344249 0.938566084671781 1 0 0 0.965640852143754
"143" 1 11.0527919446015 21.1101016914725 -0.374198420859028 1 0 1 NA
"144" 1 5.54644734823045 1.46868472076992 1.47299034402734 1 1 1 NA
"145" 1 4.91139732090119 8.45489383214857 1.41636848241173 1 0 0 1.032115246013
"146" 1 5.20006064060062 10.1483426527181 0.156129130341548 1 0 1 NA
"147" 1 0.786961451783733 0.595856223739046 1.80162716475082 0 1 1 NA
"148" 1 3.61636189962465 2.90777984588403 2.00979262376434 1 0 1 NA
"149" 1 5.7549324282717 4.74275170249608 0.0213722869097959 1 0 1 NA
"150" 1 3.78155570546063 8.55232474222623 -0.465150609926086 1 1 1 NA
"151" 1 11.3904387143835 12.6053404560149 -1.26362171060224 0 1 1 NA
"152" 1 1.91295032439241 6.44279186780205 0.010333587161551 1 1 1 NA
"153" 1 17.7515106908936 5.39445198481793 0.527785443172544 0 0 1 NA
"154" 1 5.80725093959304 0.370872453532904 0.879126690606067 0 1 1 NA
"155" 1 6.78565963746922 2.51717043494268 -0.959477765781254 1 0 1 NA
"156" 1 54.5529785114352 30.1504356745165 -1.24567560295758 0 0 1 NA
"157" 1 13.8726874414185 9.75708313098716 -0.0300691001632888 0 1 1 NA
"158" 1 14.9754853089035 7.51784672999984 1.10795102295871 0 0 1 NA
"159" 1 0.121919566616634 0.281908664431208 1.11982773791973 1 0 1 NA
"160" 1 17.0116328793678 13.262088994765 -0.61393589853628 0 0 1 NA
"161" 1 4.67658257119488 12.1165623064408 -0.368282989364118 1 0 1 NA
"162" 1 12.3463232684545 14.4321268431795 -0.922504540935286 0 0 1 NA
"163" 1 24.0961885759756 16.6279629799149 0.207358302701377 0 0 0 2.30561760578595
"164" 1 4.21394207063364 1.12018142013856 0.252529540308691 1 1 1 NA
"165" 1 11.4755018134459 2.23986375657969 1.06944163690319 1 0 0 2.16509560746067
"166" 1 4.14314971523279 0.246973428101984 -0.152985713292353 1 0 0 1.84990145823113
"167" 1 11.2864435842956 0.336438813460516 0.217433104000363 1 0 0 1.19320510391149
"168" 1 3.28537696909926 1.61488900163847 0.386710553660694 1 1 0 2.74037338843755
"169" 1 2.25625135236946 0.947296111136924 0.76197217974306 0 0 1 NA
"170" 1 3.33154002966535 4.04271826028743 -0.593815544243053 1 0 0 0.869732143652595
"171" 1 21.2502209771875 31.407953643822 -0.798750325824312 0 0 1 NA
"172" 1 15.0768380535331 7.19546584352095 -0.634955129836896 1 0 1 NA
"173" 1 13.3699379544748 3.06481200240114 -0.776436867094525 1 0 1 NA
"174" 1 8.67560812915577 0.687024334383575 -1.51901334649578 1 1 1 NA
"175" 1 3.18085950410135 16.7045579918165 0.499226941092261 1 0 1 NA
"176" 1 12.5272372571315 12.5552636446063 -1.02860931577341 1 0 1 NA
"177" 1 7.9007338891684 11.5731969489048 -0.359694065710994 1 0 1 NA
"178" 1 2.56505168475803 4.13878307828999 0.027119391117544 1 1 1 NA
"179" 1 4.77470315928707 0.643387098015926 2.05523940393155 0 1 0 0.818392604289789
"180" 1 14.072355139723 3.97333385307785 0.609766153495479 0 0 0 3.55530780697499
"181" 1 5.45944108109155 5.05268751547074 0.489845316009178 0 0 0 4.51919879763451
"182" 1 15.4980246672686 2.90290405363607 -1.31064698746178 1 0 0 5.17586476364063
"183" 1 12.9190421642534 1.93401006648545 -0.0689998952522748 0 0 0 0.213514922743173
"184" 1 10.27942480899 8.61381177666308 -0.737153522259067 1 1 1 NA
"185" 1 21.0443169861073 0.987454081190894 1.65000422868106 0 0 1 NA
"186" 1 17.4846409383017 3.39276707263341 -1.31626030680314 0 0 0 6.34556609474267
"187" 1 4.22805998764581 1.65360237930113 -0.279410325569876 1 0 1 NA
"188" 1 1.4919523246586 4.59687749577905 0.4498089715561 1 0 1 NA
"189" 1 33.7201829421142 7.89008807244733 -0.105501787871909 0 0 1 NA
"190" 1 10.4848505154238 3.88582390953073 -0.21708774706366 1 0 0 3.29004132995229
"191" 1 2.7758050370352 1.75859424175086 0.424807658319659 1 1 1 NA
"192" 1 4.62769010532883 4.6775012195082 -0.573376552527612 1 0 0 3.06864898016638
"193" 1 4.73412171950279 5.82503107171029 0.514631362986574 1 0 0 1.78704330232647
"194" 1 9.1643003279821 1.69414186813348 -1.71256813464297 1 0 1 NA
"195" 1 2.69565821304075 7.96537134770878 -0.390384469774576 0 0 1 NA
"196" 1 15.7885830104396 49.479528412416 -1.59721934357083 0 0 0 2.4159203935207
"197" 1 22.8383202223989 4.51012137791303 1.84282920736344 0 0 1 NA
"198" 1 2.56675467355205 9.2328826972644 1.10130618829974 0 0 1 NA
"199" 1 5.57307425950888 0.973111239372122 0.689843040075852 1 1 1 NA
"200" 1 8.85696051391478 1.12714677683048 0.415982984476003 1 0 1 NA
"201" 0 22.6632717138303 2.03592740180219 -0.891444777739013 0 0 1 NA
"202" 0 65.5186834667988 12.6228005702819 -0.999467854608679 0 0 1 NA
"203" 0 8.11403584149137 15.5245782159668 -0.890555087644147 0 0 1 NA
"204" 0 33.5157815976182 3.42113194207313 1.19931977289701 0 0 1 NA
"205" 0 8.12568094807566 0.698145296265538 1.55668197717049 0 1 1 NA
"206" 0 20.4715437827427 17.4570449904511 0.262968375138367 0 0 0 0.398436478382671
"207" 0 0.542003764296152 4.27391364414299 0.233750584277694 1 1 1 NA
"208" 0 13.9837831721282 1.16156856157944 -0.469576643204282 1 1 0 0.73637711190934
"209" 0 2.05031944936112 2.98792904838979 -1.23713369116527 1 1 1 NA
"210" 0 7.30897962172783 12.4615334895191 -0.398126842258294 0 0 1 NA
"211" 0 26.8452430009099 5.78939543983511 -0.350757992813493 0 0 0 1.65845160955525
"212" 0 20.8694809436113 15.6691635867381 -0.393794491884098 1 0 1 NA
"213" 0 15.7501166490542 1.37586394644935 0.722272044109555 0 0 1 NA
"214" 0 3.48735286873395 2.32547422788538 2.88827030773203 1 0 0 0.440947965587941
"215" 0 13.122384604193 1.75137942217043 -0.279207199419172 0 0 1 NA
"216" 0 7.46824840883652 16.776907754656 -0.418222560037135 0 0 1 NA
"217" 0 3.84324730908547 8.94892123166093 -0.779417361556897 1 0 1 NA
"218" 0 3.79909540829599 11.4070195438759 -0.525194246729737 1 0 0 1.21148944502195
"219" 0 6.39650775388731 3.84338041287235 -0.495489357974233 0 0 1 NA
"220" 0 11.8134896817325 2.92525920766625 -0.209387007344571 1 0 1 NA
"221" 0 8.89904571837141 3.13077698614662 0.745905253003694 1 0 0 0.771017830562961
"222" 0 2.01161800740547 0.345092423737194 0.123168351132478 1 1 1 NA
"223" 0 5.77312299647875 10.4946928876553 0.429001342073628 1 0 0 1.06293255388599
"224" 0 21.2554445891292 9.73098101708799 -0.304546236578812 0 0 0 0.298019841136035
"225" 0 8.52800665342789 0.81183952592107 -2.75412478669551 1 0 1 NA
"226" 0 0.87839081672393 2.94528074525706 -0.175403573289124 1 1 1 NA
"227" 0 8.52975139646565 22.5164049284207 -0.412118977914948 0 1 1 NA
"228" 0 20.3529500269393 8.0945093416777 -0.266122146102906 0 1 1 NA
"229" 0 1.76485647040251 3.57271926485926 1.21312688044192 1 1 1 NA
"230" 0 0.350131286587164 11.316339869524 -0.0704566842399587 1 0 1 NA
"231" 0 23.2050830672154 5.00961461280917 -0.158729832711527 1 0 1 NA
"232" 0 12.8513425867287 25.3409862116618 -0.361542040478067 1 0 1 NA
"233" 0 9.39614938272323 15.8956670955876 0.397084137251216 0 0 0 0.994488440523133
"234" 0 7.00020109745528 3.89148056973427 0.542898469047172 1 0 1 NA
"235" 0 3.74014433932734 7.12892468755192 0.182599366289665 1 0 1 NA
"236" 0 3.08942025457682 10.0393888009442 -1.7502798530707 1 0 1 NA
"237" 0 4.84380429377169 11.9036695338569 -0.158873881817221 0 0 0 2.91950945946327
"238" 0 26.0429615665657 13.3419384541392 0.483330123066525 0 0 0 2.58030935493146
"239" 0 14.9664756836031 8.76802230760447 0.660748280915446 1 0 0 4.08664182827128
"240" 0 4.73958785151967 15.484353955749 0.7978901567045 0 1 0 0.837797346609084
"241" 0 7.2104172723525 0.721011649925796 0.255279868283006 1 0 1 NA
"242" 0 5.06638486110399 4.65243314855441 -0.444878895879395 1 0 1 NA
"243" 0 12.4568887930781 14.2200105775398 0.470550604204784 0 0 1 NA
"244" 0 14.665093662538 3.88865318649598 0.251596081073548 1 0 1 NA
"245" 0 3.53624524863532 0.303448883293331 -0.625454322031233 1 1 1 NA
"246" 0 10.1522023893859 0.375729199276168 1.10630049933362 1 0 0 1.75448592088478
"247" 0 5.4896103681944 0.722348104515635 0.7953916623266 1 1 1 NA
"248" 0 16.154744609076 11.8646498147899 2.21088093019184 0 0 0 0.371129516453829
"249" 0 4.95958671655664 2.47048298429692 1.88152870348329 1 1 0 1.8951214417819
"250" 0 12.6815485575002 1.91539695474586 0.968264252887047 0 0 1 NA
"251" 0 24.5000731369025 5.23367200223597 0.98675632467015 0 0 0 2.84159072576842
"252" 0 5.77036603920291 1.66725975622527 1.03127166278404 1 1 0 1.57381251381923
"253" 0 7.72572627291578 23.0517934140269 -0.973474716465903 1 0 1 NA
"254" 0 3.58652761837942 0.906378098159469 -0.682279280560581 1 0 1 NA
"255" 0 6.16787414867534 1.57482737799701 0.467457657382625 0 0 1 NA
"256" 0 2.47343661321441 1.33817129731977 -0.0389859991192714 1 0 1 NA
"257" 0 18.1723823652624 1.10149180004253 1.05823951116899 1 1 1 NA
"258" 0 18.2336787944106 41.3558741283821 0.690825096381435 0 0 0 1.35889130817653
"259" 0 3.31492175816678 0.685687081797384 -1.03329526559819 1 1 0 1.48387606200799
"260" 0 0.280083202597924 0.52995177215774 -0.483701256569525 1 1 1 NA
"261" 0 7.03689413032214 14.883061190145 -0.172920349004545 0 1 1 NA
"262" 0 5.71256267949565 1.80551984720517 -2.32566409227533 0 1 0 2.60707543637825
"263" 0 2.58500226134542 3.19016865342731 -0.842824191247317 0 1 1 NA
"264" 0 29.5773846164 57.1271364393664 -1.18694580313662 0 0 1 NA
"265" 0 6.79622181741909 1.22483467341393 -1.35438769572364 0 1 1 NA
"266" 0 14.9857228971244 0.440122389720413 0.76853458875084 1 0 0 3.15654249189581
"267" 0 7.21591643469934 1.66558585978408 -0.60605061333267 1 0 1 NA
"268" 0 10.778069290412 26.5080177316812 -2.20334627527017 0 0 1 NA
"269" 0 2.07822033463332 0.0542493696704336 2.12040050930814 0 1 0 0.682215306474297
"270" 0 11.7925545866615 3.16274442789935 -0.0714904823978065 0 0 0 4.47422623683014
"271" 0 16.9974142769875 9.5307614690552 -0.396199644862533 0 0 0 2.3061164935618
"272" 0 8.81473932904536 1.09238535084525 -0.338518614411987 0 0 1 NA
"273" 0 14.5868755504962 8.44587487097538 -1.4224769365211 0 0 1 NA
"274" 0 1.57425271057797 8.29291585686816 0.0577926519100893 0 1 1 NA
"275" 0 1.15270038942066 8.5358402121878 0.255239362922371 0 0 1 NA
"276" 0 16.8423203215593 7.06968018427813 -0.086239044112201 1 0 1 NA
"277" 0 23.307264049483 3.38156831960213 -1.57284287534536 0 0 0 7.33755797870682
"278" 0 6.88029185401557 6.2993736619896 0.409731838380363 0 1 0 0.784965011105444
"279" 0 5.04392786353544 7.10878749734851 -0.113925573247431 1 0 1 NA
"280" 0 16.834250225213 6.64397677529585 -1.61242607852367 1 0 1 NA
"281" 0 2.30127513272164 0.65154446712312 1.506999650386 1 0 0 0.461241172540563
"282" 0 6.53953219953627 3.06824173185654 0.345291137266511 1 0 1 NA
"283" 0 1.6400222902373 4.29027178419993 0.315325268564402 1 0 1 NA
"284" 0 12.2696861913089 11.8591376229966 -2.39107930699971 1 0 0 0.758432292807859
"285" 0 43.2265286540158 8.70089045502205 -0.340583388469332 0 1 0 2.96339582332135
"286" 0 10.4178821756431 5.49907765381934 0.459202949352509 1 1 1 NA
"287" 0 2.53107336006853 0.852070753509654 1.01723844258692 1 0 1 NA
"288" 0 5.0404700051714 2.39740568162775 0.464581974736968 1 1 0 0.971506416777388
"289" 0 20.4381527920658 1.54454544187392 1.49628733973125 0 0 0 2.1755869142848
"290" 0 2.20434612032826 2.42877894588048 -0.369666627954499 0 0 1 NA
"291" 0 4.79264846133748 3.57495225270438 1.09735347406947 0 1 1 NA
"292" 0 8.76361995065315 0.66525105474952 -1.46652262351247 1 1 1 NA
"293" 0 7.48906136735198 69.2328870713445 -1.03828403904654 0 0 1 NA
"294" 0 3.86938815003903 1.99986919176643 0.76625031539971 1 0 0 2.59163264000168
"295" 0 13.3641681280717 1.92741156835191 0.676938247626431 0 0 1 NA
"296" 0 14.1376063590043 13.6946643709697 0.396062334133432 0 1 1 NA
"297" 0 24.8293416140083 7.79174858717098 -0.522523935192657 0 0 1 NA
"298" 0 0.761562956564206 1.93844291358959 -0.168959558603831 1 1 1 NA
"299" 0 35.3181208147513 13.7417591305521 -1.47780757797303 1 0 1 NA
"300" 0 1.90930158086365 7.03519597577128 -0.156741510568604 0 0 1 NA
"301" 0 14.4089648378353 0.749078830221057 -0.131388735653965 1 0 0 0.200349535438583
"302" 0 1.99352883022766 6.250900652627 -0.109245288933459 0 0 1 NA
"303" 0 20.7121863201541 7.95320020645517 -0.0880865575816205 0 0 1 NA
"304" 0 37.6826190885501 3.79819127000793 -2.28927016560581 0 1 1 NA
"305" 0 15.8384625244368 12.2251796188855 1.03063000599277 1 0 0 0.569158228641146
"306" 0 7.66526891580402 1.35631607081863 -1.89692457124868 0 1 1 NA
"307" 0 2.11232120691502 10.5695645683924 1.89329823688734 0 0 0 0.795727939472596
"308" 0 12.5173211815833 13.5171494105585 0.0766603037830442 0 0 1 NA
"309" 0 20.859886104012 13.9639852497908 -1.05108333241038 0 0 0 2.30114866691603
"310" 0 14.6948969341451 8.13315380901359 -0.0813883486354981 0 1 1 NA
"311" 0 14.6223295193346 0.247554731692106 1.31269192812328 0 0 1 NA
"312" 0 2.23168963028961 10.3651094756129 0.659356439861785 1 0 0 0.872549495082258
"313" 0 18.2978006830008 23.0906050878263 0.145278256776189 0 0 1 NA
"314" 0 14.2049870752815 11.2403191375714 -0.898339657856273 1 0 1 NA
"315" 0 14.1546061167696 4.36281024431299 0.0435200168998073 0 0 0 0.682034431659908
"316" 0 15.2500948578391 3.34424973737816 -2.17422627714151 0 0 1 NA
"317" 0 44.2741827415518 30.3068764128683 0.459890195445798 0 0 1 NA
"318" 0 8.6653106353621 0.960249323111818 0.540775485494438 1 1 0 1.28628879149859
"319" 0 11.0618993277739 4.01223899290263 0.336907514689351 0 1 1 NA
"320" 0 13.9960801577593 7.08978415903278 1.52151716124637 0 0 0 0.349085684557487
"321" 0 1.96197484563833 8.06404179723692 -1.51217698977912 0 1 1 NA
"322" 0 7.14991450335462 8.93011376892266 -0.598214855693594 1 1 1 NA
"323" 0 5.22502350156036 3.15679024636508 0.518846260769866 0 1 1 NA
"324" 0 5.6972886740484 18.6642541391048 1.68214395714407 0 0 0 3.15395040424555
"325" 0 13.267008953777 1.20980705310429 2.37883238665707 0 0 0 1.1672708913507
"326" 0 17.4243960582957 6.06003706457516 -1.23499161964369 0 1 1 NA
"327" 0 0.770430935964541 1.40599469950706 -0.00402680482208769 1 1 1 NA
"328" 0 12.2813639732684 2.07161991443718 -0.597134108072569 0 0 1 NA
"329" 0 6.00106062912623 1.19511360088836 -0.180399428154882 1 1 0 1.32379500303262
"330" 0 10.3652079943697 12.2039766241235 0.99442815558706 1 0 1 NA
"331" 0 9.49039401449803 0.721457616756314 0.00372774471725378 1 0 1 NA
"332" 0 5.63518320421748 5.49511153159439 0.36297434758257 1 0 1 NA
"333" 0 53.7073715703076 6.80856407908499 0.331115515749212 0 0 0 1.1825197993169
"334" 0 5.836706839556 0.650628914188441 0.0869377336990659 1 0 1 NA
"335" 0 3.18078012058603 2.38843460926937 -1.18924203703365 1 0 0 1.94603806546001
"336" 0 1.79757929334092 2.97951439594789 0.430410646942158 1 0 1 NA
"337" 0 22.5308685561169 0.0528166980623448 -0.838769190009279 0 0 0 5.12957015808601
"338" 0 10.4797872876623 18.7398317558606 0.226111161362182 0 0 1 NA
"339" 0 16.217618946877 0.743966961829017 -0.146918013114335 0 1 1 NA
"340" 0 7.55386368107413 1.10498877621113 0.0469981519714882 1 1 1 NA
"341" 0 18.015198310423 8.97444483555444 -1.2228839635118 0 0 0 0.721577210943177
"342" 0 10.8680687902635 2.94319242945909 1.75702970056521 0 1 0 2.38645860788312
"343" 0 4.3119357815134 18.8658624294054 0.631004477142593 0 0 1 NA
"344" 0 6.71433770296959 6.34921161878752 0.328549001117334 0 0 0 2.05105636376867
"345" 0 15.2586286667268 2.43180889250432 0.859608784817673 0 0 0 1.30970893042898
"346" 0 6.37713840350218 0.819849103926815 -0.0405028631115366 1 0 1 NA
"347" 0 8.98008087839746 0.816076519536985 1.11734569627203 1 0 0 0.810547834899046
"348" 0 1.20970123969351 10.0555888072946 0.872791283563731 0 0 1 NA
"349" 0 5.42539397050623 3.5638541558426 0.88591659603737 1 0 1 NA
"350" 0 17.0831401799196 20.4233826879246 -0.136007792368651 1 0 1 NA
"351" 0 23.3206622426796 7.94077896284729 1.03921519920782 0 0 0 1.4753621617069
"352" 0 16.0630881879271 29.0167946264948 -0.701194891371101 0 0 1 NA
"353" 0 32.1344370874478 13.5910350096488 -0.933375714900752 0 0 1 NA
"354" 0 0.962648493901956 6.74652738150312 1.96636475544927 1 0 1 NA
"355" 0 12.1222960436076 0.453984243707058 0.160963074617115 0 0 0 2.75222297560226
"356" 0 7.4016899131594 3.91815040579484 -0.00494194356379113 1 1 1 NA
"357" 0 1.67775725897454 2.98191101673075 0.107687647719055 0 0 1 NA
"358" 0 12.9155785110881 25.7620028512797 -1.77339076585342 0 0 1 NA
"359" 0 7.60167631497485 4.25241472711142 0.575848890908448 1 0 1 NA
"360" 0 9.57664791838833 3.52375867605059 -1.17469732756122 0 0 1 NA
"361" 0 28.3107285554819 11.7978943106948 0.223387920745247 0 0 1 NA
"362" 0 10.5933374973711 6.8096528131262 1.52342826973388 0 0 0 0.629603032357138
"363" 0 16.2248334193808 1.47587243599062 1.15040917007994 0 0 0 2.97521237843325
"364" 0 19.3426286035076 9.75872432391816 -0.421552485602734 0 0 0 6.44847043138636
"365" 0 4.38911396760552 0.837374676650982 0.802637141519702 0 0 1 NA
"366" 0 40.6701466051373 10.0762188310855 -1.26152519240818 0 1 0 1.29605854624137
"367" 0 9.84731040016118 0.978668876452416 1.29505028416412 0 0 0 1.54026954987186
"368" 0 3.63150415635477 7.70898322602425 -1.55708439687523 1 0 1 NA
"369" 0 45.6895303878639 8.60385975284532 -1.14529557447834 0 0 1 NA
"370" 0 12.9535691060449 2.18633886096723 -0.240104521821957 0 0 1 NA
"371" 0 16.3913353541712 8.37257957678352 -0.124311224817601 1 0 1 NA
"372" 0 1.94890857391667 21.7150403082503 0.368043501208629 0 0 1 NA
"373" 0 11.0619360778616 11.5776340859202 -0.597532224739864 0 1 1 NA
"374" 0 4.21122040226977 5.29714464419165 -0.73407872670433 0 0 1 NA
"375" 0 12.6575952609368 0.357402220724971 0.753712564378566 1 0 0 1.30759260759549
"376" 0 1.2570398991208 1.039441732659 -1.11062918737087 1 0 1 NA
"377" 0 3.87830393185486 3.84998106720493 0.656384127077873 1 0 1 NA
"378" 0 19.4037942658477 1.2175904152429 -1.81370923988905 1 0 1 NA
"379" 0 13.1157849580392 22.0110179878581 -0.185598489008354 0 0 1 NA
"380" 0 9.58809990665299 2.14274078399802 1.10944339023217 1 1 1 NA
"381" 0 22.0071642282071 8.20367518972916 -1.20790414402979 0 0 1 NA
"382" 0 15.3101993233598 0.512905384833204 -0.218601631940715 0 0 0 3.99149974573131
"383" 0 10.1228108995938 8.52440191787707 -0.172140952268562 1 0 1 NA
"384" 0 1.20312110118808 14.8540675651365 -0.239179224100766 1 0 1 NA
"385" 0 14.2887506929819 2.05321186798218 0.909512967846166 1 0 1 NA
"386" 0 0.350874802605383 3.38995188533469 -0.545873792834745 1 0 1 NA
"387" 0 4.65974363902994 6.21464758353807 0.266510583705867 0 0 0 0.787042445030975
"388" 0 28.889679138898 14.089144597663 0.439403294664062 0 0 0 0.837741391601749
"389" 0 4.38720918373699 3.56006602682458 0.0294699704696716 1 0 0 1.03845405215717
