"Z" "Y1" "Y0" "x1" "x2" "x3" "ID" "D"
"1" 1 7.88889868415325 1.70988412415816 2.1846430552265 1 0 1 NA
"2" 1 4.91629541894189 8.00383034201892 0.104350977443889 1 1 0 2.17743511231308
"3" 1 21.2354317114611 24.9361725229426 -1.39469889155296 1 0 1 NA
"4" 1 8.22374907628021 4.05334808139326 0.325957452681274 0 1 1 NA
"5" 1 17.7278198987358 5.38092458893771 0.273553462719912 1 0 1 NA
"6" 1 3.68696548892897 9.5483247887683 -2.00259389671952 1 1 1 NA
"7" 1 0.909831937152041 14.7881664408267 -2.08544241616516 1 0 1 NA
"8" 1 7.99366389358891 2.99042123932762 1.24151668675438 1 0 1 NA
"9" 1 2.99378937347642 10.1635473004096 1.04489458610263 1 0 1 NA
"10" 1 4.92558447575592 10.527883623877 -0.5900911961162 1 0 0 0.135843771071334
"11" 1 2.89875528892944 2.79059534859799 -0.00926426594328079 1 1 1 NA
"12" 1 1.88771004347982 8.5742373355027 -1.35765058194602 1 0 1 NA
"13" 1 8.0661450029184 1.96664446638249 -0.846957202246949 0 0 1 NA
"14" 1 15.7786421571246 10.749635292556 -1.6145957673809 0 0 0 4.89408699136115
"15" 1 23.9589080173343 14.1692874059769 -0.000741953245960292 0 0 1 NA
"16" 1 11.4854099929178 2.355713583952 0.673316626829041 1 0 1 NA
"17" 1 6.68091203658942 20.258767166109 -0.487345185852743 0 0 0 1.8617372891304
"18" 1 23.8003256273952 4.60348493096455 0.901696133901435 0 0 1 NA
"19" 1 60.6868808325554 9.38722353517364 -0.379331747120351 0 0 1 NA
"20" 1 35.3313606057733 6.5994158890557 2.32271455919538 0 0 0 0.341351068970151
"21" 1 5.86016650009227 1.74995519438757 -0.207954764820775 1 1 1 NA
"22" 1 17.4883973856978 4.20307765771482 -0.591325772430262 1 0 1 NA
"23" 1 9.95160359655929 15.9310785651563 -2.72364118651039 1 0 1 NA
"24" 1 6.19281119330805 8.50909053342324 0.0496233443239911 0 0 0 2.92030332344879
"25" 1 4.53133443981584 0.443504887797958 -0.878574505701126 1 1 1 NA
"26" 1 2.45429337107332 6.72237241809701 1.45312775731754 0 1 1 NA
"27" 1 2.70453263618404 0.976778786877715 0.00201946610257294 1 1 1 NA
"28" 1 13.7832731923163 3.95745475590612 -0.562203452122128 1 1 1 NA
"29" 1 19.7968679251283 1.67219074347134 1.63490892696176 0 0 0 2.56361775949495
"30" 1 7.18513393284079 13.8687316214298 1.08629957719283 0 1 0 0.899824347648246
"31" 1 4.34037401977839 3.21766901385497 0.621527894061795 1 0 1 NA
"32" 1 7.03840945691716 12.157530898507 0.190280175662114 0 0 0 1.80392804913039
"33" 1 16.4863240599184 6.9605989547879 0.560232931026359 0 0 1 NA
"34" 1 4.40497786739261 8.92078018284031 -0.199384807651351 0 0 0 2.94574375626566
"35" 1 5.37105755394216 5.59011874786555 0.743708076535322 1 0 1 NA
"36" 1 8.07283131129809 2.1093187076391 0.573356192830671 1 0 1 NA
"37" 1 28.5717924707253 0.662386888093484 -1.7503553019783 1 1 1 NA
"38" 1 5.48198128055507 1.58386715329689 0.228467782031334 1 1 1 NA
"39" 1 2.72597187161056 1.83813224367488 1.00148517478349 1 0 1 NA
"40" 1 10.3596547828693 6.92933528753565 2.98460291045814 0 0 0 1.33275959428021
"41" 1 22.9773330001565 9.14312762198849 0.212414906090058 0 1 1 NA
"42" 1 11.9534217806738 17.0249521134377 -0.19187520580009 0 0 1 NA
"43" 1 12.8603287115647 2.25611545890342 0.634194953527711 1 0 1 NA
"44" 1 6.51419196361112 17.3436074105938 0.172655556760092 0 0 1 NA
"45" 1 23.9843745772417 0.280512090959294 0.291385086077392 0 1 1 NA
"46" 1 1.97073846418236 3.36460743104109 0.228205805768962 0 1 1 NA
"47" 1 11.5613586495013 8.11808363722731 -2.04210883072229 0 1 1 NA
"48" 1 30.2833502853226 10.6351001983302 -0.709863943920212 0 1 1 NA
"49" 1 6.70425085745806 0.0415709162434636 1.54442013014097 1 1 1 NA
"50" 1 10.9925853658679 10.2969063142013 -0.382772781140112 1 0 1 NA
"51" 1 5.62043971856243 0.582181137002183 0.393106029701066 0 0 1 NA
"52" 1 0.475080276741597 14.5345543885222 0.353399984239569 1 0 1 NA
"53" 1 8.22929880337218 0.157513082718982 0.135088422504403 0 0 0 2.36282238209643
"54" 1 1.70858703210233 13.154551918991 0.0904925512852421 1 0 1 NA
"55" 1 2.30085924249693 19.5732933647442 0.660029981353388 1 0 1 NA
"56" 1 16.817901037781 0.644531436740316 0.612978463083974 0 0 0 1.49417494183638
"57" 1 10.9501263679464 2.52962920977225 -0.830365219512059 1 0 1 NA
"58" 1 0.860328455770739 1.07628258551482 0.0557389604105342 1 1 1 NA
"59" 1 2.69169271761309 0.555554092939103 0.536810611258122 1 0 0 0.66076767747692
"60" 1 4.5168722601455 36.7292163315477 -0.84863210268236 0 0 0 0.273459625866565
"61" 1 3.70866275635196 3.65103737529862 2.25167611231067 1 1 0 1.26820608413361
"62" 1 9.96575951452582 10.5194209798932 0.215926088118917 0 0 1 NA
"63" 1 17.7194141756814 10.7654820522468 -0.978021239511921 0 0 1 NA
"64" 1 5.95567958867617 1.2570931675664 -1.44841177661056 1 0 0 2.40614222414735
"65" 1 0.69727474618259 0.00848697808514252 -0.012806267698019 0 1 1 NA
"66" 1 7.53929221309848 1.13638953776981 0.91963252311015 1 1 0 0.575607168723873
"67" 1 64.0590244404762 20.8483934208002 -0.0881756786998768 0 0 1 NA
"68" 1 2.17822908729293 7.82477560131289 1.1870654979625 0 1 0 0.487342229817084
"69" 1 3.38839420310686 6.57896811259255 -1.23132440476507 1 0 1 NA
"70" 1 10.6636999772302 13.739011557573 -0.595719949477838 0 1 1 NA
"71" 1 34.0499321749228 4.49675095011074 0.357980574913825 0 0 1 NA
"72" 1 4.38104725082372 1.06744822934444 1.41214618575283 0 1 0 2.40046080702633
"73" 1 38.5700955304624 7.02707899586502 -0.573207765240864 0 0 1 NA
"74" 1 2.37357966232941 12.9184938652653 0.352489089336599 0 1 1 NA
"75" 1 6.91330107069093 2.49180378824748 0.459008720694527 0 0 1 NA
"76" 1 3.26284249238018 1.48371065071166 0.733396065547152 1 1 1 NA
"77" 1 4.19313639842972 2.71716448320432 1.74643549857858 1 0 1 NA
"78" 1 20.3062608041685 3.57960032664787 -0.474147538825135 0 1 0 1.13984335363894
"79" 1 3.93154853512156 0.629736523721778 1.63041605813322 1 0 1 NA
"80" 1 12.5613189836314 4.66374829221294 -0.0866828935337821 1 0 1 NA
"81" 1 1.56102511217747 13.5942747701089 0.310474743792062 0 1 1 NA
"82" 1 40.2103999711551 1.92338294064166 -0.581566320744937 0 1 1 NA
"83" 1 0.502236750207058 2.09916150904726 0.264530296415432 1 1 1 NA
"84" 1 33.9731201693077 8.77501216286881 0.120498181428111 0 1 1 NA
"85" 1 4.2654950991098 3.10478306116145 -0.346367698063157 1 0 1 NA
"86" 1 1.33550188108658 7.28862896309545 -0.398267140231249 1 0 1 NA
"87" 1 23.2917035813314 5.93949380091664 -2.77805113016271 1 0 1 NA
"88" 1 19.7451829452212 10.4967514372965 -1.01023026111709 0 0 1 NA
"89" 1 43.3482539855275 4.86973562660981 -0.228158368332123 0 0 1 NA
"90" 1 4.33135359696438 9.3335021548846 1.78034452273016 0 0 1 NA
"91" 1 0.459071792268325 4.61333393135654 0.635152871630419 1 0 1 NA
"92" 1 0.901467037070347 0.61421648710466 0.551977796360433 1 0 1 NA
"93" 1 1.84070281494317 4.74999750308681 0.281018232384338 0 1 1 NA
"94" 1 12.9938537525136 6.84379407280455 -0.498025701031744 1 0 1 NA
"95" 1 7.48533016038297 0.48892539112405 0.411336624407268 1 0 1 NA
"96" 1 12.3287679747045 4.18080773855414 1.22707932927034 0 1 1 NA
"97" 1 13.718622539873 12.9114530922461 0.312910023755378 0 1 1 NA
"98" 1 2.15965218803159 8.58420280018444 0.595689786677694 0 0 1 NA
"99" 1 12.4667247970613 2.62293571974699 0.789124676995771 0 0 1 NA
"100" 1 3.13787247203695 2.98991387991326 -0.717749225986799 0 0 0 1.11793997998446
"101" 1 2.01356882212483 7.8332595763045 0.718361945158292 0 0 1 NA
"102" 1 11.994225247529 12.9833964111325 -1.62175317064868 0 0 0 2.66320455242169
"103" 1 9.05320779063598 2.57034114875239 0.891212269843275 0 0 1 NA
"104" 1 2.54763605663774 8.68770770604438 1.09195348991702 1 0 0 0.625564191883383
"105" 1 11.296966980137 1.46506957649095 -1.65735337199507 0 1 1 NA
"106" 1 0.905731026010202 7.47227699870478 -0.8486310147805 1 0 1 NA
"107" 1 7.06309918588424 1.88531367805509 -1.76613509703185 1 0 0 5.09279700399053
"108" 1 3.97702649092412 3.28100520626155 -0.30799126570209 0 1 0 2.66857154345101
"109" 1 11.1836124008458 10.0518196546975 -0.477618932802678 0 0 0 0.903789969257711
"110" 1 0.57878840072649 1.26758944718558 -0.597900514471917 0 0 0 0.414474151478235
"111" 1 4.48143896315815 5.14958467112503 0.671007434631053 0 0 0 4.06979695422315
"112" 1 13.8235121284791 1.58313301908423 -1.03853471217162 1 0 1 NA
"113" 1 8.93526216389128 2.24499605515384 -0.881467277405391 1 1 0 1.91900730803896
"114" 1 0.383163252019533 18.4186068962215 -0.740351086759864 0 1 1 NA
"115" 1 6.8912746218798 4.01293267950823 2.27528605391766 1 0 0 2.40089923951355
"116" 1 8.53229274140748 32.3842230753786 0.609547486497696 0 0 1 NA
"117" 1 5.41065317467446 5.65702129380401 -1.13377033528363 0 1 1 NA
"118" 1 11.9031478136066 4.04286106772942 -0.108348596215978 0 1 1 NA
"119" 1 6.66137448541639 4.02582569203884 -0.473412221172893 1 0 0 1.87777751542637
"120" 1 12.3348423485535 8.78572394757168 1.41920712002329 0 1 1 NA
"121" 1 20.734206965776 0.0643799027381746 1.06272852358147 0 0 1 NA
"122" 1 2.1064811471622 1.03279437339474 -0.579487428631538 0 0 0 1.98988865775028
"123" 1 1.87880741031663 6.36172252743551 -0.0327035932946126 0 1 1 NA
"124" 1 40.1078133459457 46.8661081093304 -1.96717067165426 0 0 0 1.07015383721009
"125" 1 3.53867457514924 2.7477287802493 1.3041510546189 1 1 1 NA
"126" 1 1.33097846522691 4.42218444278461 -0.481241266719305 1 0 1 NA
"127" 1 4.66741210448818 1.41715651937188 -0.15146865183889 1 0 1 NA
"128" 1 9.67631400710297 16.6032639401906 0.207535169301583 0 0 0 2.48451681978353
"129" 1 4.08969622691177 4.47737699269976 0.72414941702297 0 1 1 NA
"130" 1 5.67778782336392 12.0848521667518 -1.69226221796607 0 1 1 NA
"131" 1 5.8480202371031 27.8997051445282 -0.705556514790425 0 0 0 4.31883375766606
"132" 1 16.0430724214392 2.28958595609271 -1.30868004934652 1 1 1 NA
"133" 1 0.794892335937929 10.0375821134941 0.381343998536072 0 1 1 NA
"134" 1 12.2278802318208 1.12882099694886 0.467100307680214 1 0 0 1.90666205714986
"135" 1 11.8997138567018 23.658129192896 -1.84189222787643 1 0 1 NA
"136" 1 2.94797133231107 4.08637939808843 1.8477052228143 1 1 0 1.40884327082467
"137" 1 6.9850455220966 14.571913914507 -2.34440702133415 1 1 1 NA
"138" 1 3.56501351497458 5.18092202624041 -1.03878125833653 0 1 1 NA
"139" 1 4.32520111046858 9.96983426049784 0.45548659686032 1 0 0 1.64289334402317
"140" 1 17.8554234157936 2.88370894340861 0.556464849061219 1 0 1 NA
"141" 1 3.94046109137195 2.41720585798111 -1.81102621182822 1 0 0 3.42832552861525
"142" 1 6.7719497907701 1.02191846921947 -0.370549625285412 1 1 1 NA
"143" 1 3.71063903150003 20.9188152832026 -0.158263982379077 0 0 1 NA
"144" 1 15.532536650698 4.88517942553673 0.724024895890087 0 0 1 NA
"145" 1 5.09820362231933 6.55540736740909 -2.4146460793778 1 0 1 NA
"146" 1 36.5287199177874 9.45293248182699 -1.07367972708924 0 0 1 NA
"147" 1 9.27570385672152 3.19929554193627 -1.77173244211303 1 0 1 NA
"148" 1 6.61964889904584 1.61630695448836 -0.364067932732633 1 0 1 NA
"149" 1 3.61956401422164 5.21732326201828 0.0673426559644403 1 0 0 1.61334066770305
"150" 1 22.4632077009058 1.17638721453371 0.483278110830813 0 0 1 NA
"151" 1 17.9507384261212 8.31252717278285 1.08568051946855 0 0 1 NA
"152" 1 19.0418662987506 7.64413636723234 -1.99937536013242 1 1 1 NA
"153" 1 1.02962221524955 9.60247707098528 -0.00324503805027388 0 1 1 NA
"154" 1 3.03244962472964 3.99204911381769 -1.87222195539482 1 0 1 NA
"155" 1 1.94888852508337 5.30765053135886 -0.125797312319091 1 0 1 NA
"156" 1 10.1284091142379 13.7062411167408 0.265012871040525 1 0 1 NA
"157" 1 2.49870867066757 4.55035322698582 1.5439533860704 0 1 1 NA
"158" 1 9.08656320910674 6.52935622634187 -0.487656786913733 1 1 0 1.37842805779557
"159" 1 0.0220948965166614 1.75360802853621 -0.539705256918495 1 1 1 NA
"160" 1 6.59241387795711 16.0671743888702 -0.00646293929531946 0 0 1 NA
"161" 1 9.76573441476921 0.0517121817169945 0.544629498409758 1 0 0 1.13263468557975
"162" 1 19.9468134918836 7.70564220424163 -1.60013312476143 1 0 1 NA
"163" 1 3.81073291492304 0.614722003123148 -0.577692280300398 1 0 1 NA
"164" 1 4.14542391574301 17.0811047832906 1.33712990903167 0 0 1 NA
"165" 1 7.8284312996692 22.1181537452046 -0.154881260036151 0 0 1 NA
"166" 1 18.2417321345829 0.503505669594836 1.08834835396164 0 0 1 NA
"167" 1 7.82609298284239 1.51101655427669 1.63591289874092 1 0 0 0.932441225450217
"168" 1 15.9098918688597 9.8067022060207 0.0190741444039608 0 0 0 0.551914733992709
"169" 1 2.22246607157289 56.4003787555898 -0.995623807489647 0 0 1 NA
"170" 1 20.4567054236662 5.36678214121192 -0.447142967039057 0 0 0 0.171612949747861
"171" 1 16.9859518739618 2.63454477080343 -2.28742475980452 1 1 1 NA
"172" 1 0.589949065374019 7.49302960153412 -1.14696629986248 1 0 1 NA
"173" 1 7.39000334219158 0.242073896634153 1.18027714774528 1 0 0 1.15140869379288
"174" 1 4.87445580644716 1.99266189436611 0.696897837239366 0 0 0 0.732709101788223
"175" 1 10.6823879507232 0.133779783360725 -0.282078853679445 0 0 0 2.95921930391529
"176" 1 2.36929785843262 2.22172552222531 0.588672192439055 1 1 0 1.76082212833367
"177" 1 4.98522270591817 3.27377221459606 -0.351386561981645 0 0 0 2.10606564712669
"178" 1 1.67363141743275 1.65624238595943 -1.55826546064915 1 0 1 NA
"179" 1 13.8284984413278 4.81522572929611 -1.22535028163061 1 0 1 NA
"180" 1 8.74094248249484 4.53938001707954 0.7168848516373 0 1 1 NA
"181" 1 17.7136451355314 11.144043193974 1.44477353492904 0 1 0 0.922867808153728
"182" 1 11.0137824463549 4.48283110204132 -0.0952763578422205 1 0 1 NA
"183" 1 0.707793174934997 3.62921158494655 0.0719220923735611 1 1 1 NA
"184" 1 7.15065264301692 0.983780796994589 0.622353570516883 1 1 1 NA
"185" 1 24.7676232332868 1.72196797678893 0.113170878920778 1 0 0 3.97197640354821
"186" 1 3.5570338184106 2.26243280544167 -0.334266564969186 1 0 1 NA
"187" 1 5.31330663589708 30.3877056177823 0.0362429196270792 0 0 1 NA
"188" 1 10.5913178902978 16.4573506328162 -0.817353743653776 1 0 1 NA
"189" 1 2.212029438811 9.94396771367142 -0.113137638212177 0 0 0 1.41744182339131
"190" 1 5.29869573613769 23.1042670615299 -0.158098704383514 0 1 1 NA
"191" 1 36.077254927319 4.32729174484232 0.815574550310079 0 0 0 2.51837364930818
"192" 1 2.60373799932001 1.79119741820406 -0.601465361691314 0 0 1 NA
"193" 1 15.8873465886928 1.93912181267527 -0.917641034502994 1 0 1 NA
"194" 1 1.54744088715242 0.93363878691713 0.459009843182901 1 1 1 NA
"195" 1 8.61656852831933 1.94218509085526 0.434345129744022 1 0 1 NA
"196" 1 4.04731648562943 8.33241982828816 -0.761952978748762 1 0 0 1.49173511144144
"197" 1 12.52864064388 18.6813109520924 -0.502923913818423 0 0 1 NA
"198" 1 7.10425150703531 6.30551365247888 -0.685254146055153 1 0 1 NA
"199" 1 7.74644965607169 12.2886152593235 1.55523783209009 0 1 0 0.65386120141704
"200" 1 3.07414522654274 1.5759132913444 1.62226638814615 0 1 1 NA
"201" 0 8.68661793761023 8.34576952106109 -0.609456927078556 0 0 0 3.74074203981435
"202" 0 2.28557640428121 11.9813880888686 -0.437736973202443 0 1 1 NA
"203" 0 12.2497129514965 8.39389456398709 0.545769156274012 1 0 0 0.570677459473032
"204" 0 13.8474153797684 18.3718716250454 -0.684443967364137 0 1 1 NA
"205" 0 4.81542163690463 15.0807466860543 -0.477902485676679 1 0 1 NA
"206" 0 7.63567036549715 3.35495111903608 -0.147386456684394 1 0 1 NA
"207" 0 27.5161114845865 29.8427612989088 -1.571377088434 0 0 1 NA
"208" 0 12.3010229227201 14.0588455455942 -0.305206879467494 0 1 1 NA
"209" 0 17.5212528341134 75.0785796213644 -0.163880255568294 0 0 1 NA
"210" 0 1.09151925661654 1.88612725316873 1.33100394734229 1 0 1 NA
"211" 0 3.72028041853998 11.4807852492218 -0.191712473939411 0 1 1 NA
"212" 0 20.2055087018213 15.6436569434006 -0.85501901160859 0 0 0 0.977290166850748
"213" 0 10.985596477963 1.87675558860499 -0.457442620183308 0 0 0 3.53151983651731
"214" 0 10.9677766743693 2.63747323270706 0.165107948323236 0 0 0 2.27928831878499
"215" 0 21.1826088875532 10.1476695939558 -0.792255967977421 0 0 1 NA
"216" 0 5.61636105071053 0.103556159239537 0.293860280484807 1 0 1 NA
"217" 0 3.23179510782941 4.76304835855665 0.583415706172825 1 0 1 NA
"218" 0 13.1969381513912 4.87799701423266 0.632120834541517 1 0 1 NA
"219" 0 3.35009845320915 4.52312472196865 2.5654024742842 0 0 0 1.99299938521029
"220" 0 10.0387156708218 2.51360044060477 -0.0631753233059853 1 1 1 NA
"221" 0 1.47526470208503 2.51854230565025 0.234675097139587 0 0 0 1.36728444751664
"222" 0 10.6277329103809 6.54620380691768 -0.706944274423353 0 1 1 NA
"223" 0 11.2761093695137 13.4742051642303 -0.0762372213519532 1 1 1 NA
"224" 0 8.69034496526803 2.58826638605699 0.925591790200162 1 1 1 NA
"225" 0 3.92270952971177 11.1005526140725 0.232781861008373 0 1 0 1.17494848270498
"226" 0 8.39256272807782 1.54890741750665 -1.47590589498891 0 0 1 NA
"227" 0 1.73943240392238 1.60069213538517 -0.0239472867968881 0 1 1 NA
"228" 0 39.3283519346796 3.607989826605 0.706588532454317 0 0 0 1.02845836843816
"229" 0 7.98103467039911 6.88990258931086 -0.0215346049335414 1 0 0 2.65076793366119
"230" 0 38.367379045798 8.83717726483893 -0.283798892945949 0 0 1 NA
"231" 0 17.5835175930472 19.1621909016151 0.225900889703844 0 1 0 0.640030423952915
"232" 0 6.43250004529987 0.605560886935481 1.94341148172692 1 1 1 NA
"233" 0 20.1678647965343 5.44123085887916 0.852586033246848 0 0 1 NA
"234" 0 3.13184802150805 3.23457627626989 0.501656674487372 1 0 1 NA
"235" 0 6.43030906799264 6.14939641008403 0.397757603529696 1 0 1 NA
"236" 0 6.02408462148449 28.9586812364976 -0.774217643544646 1 0 1 NA
"237" 0 20.3892915203992 12.6450895105893 0.381748899431093 1 0 1 NA
"238" 0 16.7392395589315 4.40354889266608 -0.241207220897084 0 0 0 2.5315859844865
"239" 0 3.54941045598306 0.343645086244582 1.35727874558062 1 0 1 NA
"240" 0 6.8779764260069 3.30485840320235 1.30617898991998 1 0 0 2.54006989653031
"241" 0 3.54443827335748 2.25561700681978 -1.1360551061618 1 0 0 3.0674444428147
"242" 0 3.38184286784548 9.5600237406296 0.412374520311414 0 0 0 1.97780524576238
"243" 0 4.37231399756621 0.624404969057045 0.511351892818107 1 0 1 NA
"244" 0 5.88847822354376 12.0436903701038 -0.967483477672729 1 1 1 NA
"245" 0 6.38996032166288 14.6736343569376 -0.15366856981342 0 0 1 NA
"246" 0 10.0307873377641 7.25352328057004 1.18828172715694 1 0 0 1.3626920711084
"247" 0 2.44904313675551 1.82000559832544 0.295417435597691 1 0 1 NA
"248" 0 11.5103631109694 33.6261239245213 0.537023008567807 0 0 1 NA
"249" 0 15.5260196333865 9.1424291631951 0.792479783140977 0 0 0 2.87736838961928
"250" 0 21.9078144340907 4.65562674807345 -0.177916246440306 1 0 1 NA
"251" 0 9.82540395166243 3.35581714826623 -0.22414138737082 0 1 1 NA
"252" 0 4.59738928325789 13.8204866848544 0.852349791693888 0 1 1 NA
"253" 0 42.4317622480257 22.5783343071002 0.281154840541489 0 0 1 NA
"254" 0 11.1746983204994 3.42628581206884 0.0689124470474746 1 0 1 NA
"255" 0 12.6353887703652 10.7477414670356 0.133945327246511 1 0 1 NA
"256" 0 18.9419512063277 1.61397807988127 -0.0665645681027873 0 0 1 NA
"257" 0 2.37396976933815 6.89574924223178 -1.59681367043763 1 0 1 NA
"258" 0 2.46885154372029 29.1100736001303 -1.43343982773072 0 1 1 NA
"259" 0 1.18918895264553 0.599146830803238 1.64786676825941 1 0 1 NA
"260" 0 6.50421844941217 20.301096986302 -1.93217840685902 1 0 1 NA
"261" 0 43.9748334305835 9.07905923153876 -0.52729442803639 0 0 1 NA
"262" 0 2.92203522081855 1.18432247369048 0.184084677838391 1 0 1 NA
"263" 0 12.5391324426247 18.91603163489 -1.1031120308652 0 1 1 NA
"264" 0 1.92385559110204 5.03366069227949 -1.01565239174598 1 0 1 NA
"265" 0 8.98096724996676 1.90348380346258 -0.0950122320288861 1 0 1 NA
"266" 0 9.07598832662434 2.64885734300685 0.43157634184684 1 1 0 0.624488645525826
"267" 0 1.41073842070003 0.575163540041811 -0.370580573967242 1 1 1 NA
"268" 0 36.0665465305808 27.9699530942226 -0.75049485020316 0 0 1 NA
"269" 0 8.47127578857173 2.14209278709268 -1.84198743585304 1 0 0 2.97337094973935
"270" 0 2.34412742227604 2.2033333876124 -1.19969832596883 0 1 1 NA
"271" 0 27.2737708082854 0.483548057660515 -1.60809028771499 0 1 1 NA
"272" 0 19.1921171198006 2.46513124860621 -1.01055409535348 1 0 1 NA
"273" 0 9.47016990626377 3.25796827630267 1.47003046029708 0 0 1 NA
"274" 0 2.67395619755671 8.03367562043499 0.210942811460603 0 0 1 NA
"275" 0 3.33179975371663 1.58016038685705 1.05132050657996 1 1 0 0.455169535372
"276" 0 23.9494134682175 12.7814517986672 -0.00036844326201906 0 0 1 NA
"277" 0 8.19326102996841 9.96243103206717 0.700585454392859 0 0 0 7.26283936961955
"278" 0 7.73492099480569 1.82976371000417 0.74731561690763 1 0 0 0.438800959945408
"279" 0 13.7331462687083 6.62939713242421 0.93282326411954 0 0 1 NA
"280" 0 4.19654339396977 0.222308164844177 0.448201883311882 1 1 1 NA
"281" 0 16.1549843495145 0.904927384082221 -0.308785546325947 0 0 1 NA
"282" 0 20.179891993576 8.45216709717472 -0.329276761258238 0 0 1 NA
"283" 0 11.6677522800171 1.20730625207385 -1.41072445734509 1 1 0 1.44384774419566
"284" 0 3.31933670544836 3.1216928709703 0.38191093609763 0 1 1 NA
"285" 0 4.93383133593788 3.87728328780103 0.710709415259757 0 0 1 NA
"286" 0 6.40396111636046 0.409731055993701 1.60668060541159 1 0 0 1.28244780681462
"287" 0 11.5916631272641 4.35519308442989 -1.27412225172784 0 0 1 NA
"288" 0 3.1639447812041 2.39899800594017 1.06483656363697 0 0 0 1.24707734464394
"289" 0 2.83055739242941 9.39761094354543 -0.144349961501674 1 1 1 NA
"290" 0 12.6874064188661 8.73942977524534 1.08165533892043 0 0 0 1.08538281001401
"291" 0 15.9281257150054 4.48068581465582 0.183231762707915 1 0 1 NA
"292" 0 2.87724223723897 0.401273731717318 1.0849657382945 1 0 0 0.562105884555132
"293" 0 18.6114158999856 17.6504500890182 0.496412852981485 0 0 1 NA
"294" 0 14.1719041079682 1.37768495015208 -1.41773902162727 0 1 0 8.73092137651261
"295" 0 11.0093992837888 1.26727106696684 -0.449976113318198 1 1 1 NA
"296" 0 16.976847255055 7.83077905498985 2.1255918192533 0 0 0 1.42839074467881
"297" 0 1.2326786278347 8.36928021496432 -0.367643130818367 0 0 1 NA
"298" 0 3.97373919505638 1.83787923632856 2.00681234264335 1 0 0 1.46808664625265
"299" 0 4.6858948772693 2.11088852007127 1.26817894679997 1 0 1 NA
"300" 0 3.77628919827355 18.7267630027525 0.326758896435656 0 0 1 NA
"301" 0 13.4971928094721 16.4854772987992 -0.945280659552735 0 1 1 NA
"302" 0 5.83845460737037 1.08506663440125 -0.46878885057657 0 0 0 2.07204160785872
"303" 0 4.71967839468201 2.49886164669658 1.98570180352066 1 0 0 1.21411279258135
"304" 0 6.13372441198376 19.5266721165535 0.0012521164249981 0 0 1 NA
"305" 0 9.66218384860624 3.24269674991507 0.922733459728522 0 0 1 NA
"306" 0 4.44659911221555 7.86854583279321 -0.260079092278424 0 1 1 NA
"307" 0 10.4088891762415 5.90858239436879 -1.75257905057591 1 0 1 NA
"308" 0 28.2395251557868 4.7040458773706 -0.0644265575470619 1 0 0 0.472826528077773
"309" 0 10.6753080307922 1.81635417620855 -0.224066633049705 1 0 0 2.31429264061694
"310" 0 6.38380776389876 1.64240709774803 0.567526726251318 1 1 1 NA
"311" 0 2.68670592152494 6.38674756971834 0.711424437553909 1 0 0 0.745051652732251
"312" 0 7.66165615386899 5.60805447245652 -0.190374228394992 1 0 0 1.96064077878966
"313" 0 1.41726581135826 4.39580213457577 0.87959940205105 0 0 1 NA
"314" 0 16.5446846213561 0.914741562705824 0.323206689736021 1 0 0 2.45273522371233
"315" 0 2.48010493107014 5.95460328803686 0.603737453990768 1 1 1 NA
"316" 0 17.6410863806266 5.32738459932742 -0.886310852479581 0 1 1 NA
"317" 0 3.58605998057557 0.198809724147583 1.40676931086681 1 1 0 0.834395138305061
"318" 0 5.20790246240419 12.0564683798116 0.92368880018906 0 0 1 NA
"319" 0 7.67961115904037 12.2191110461067 0.422245538626553 0 0 1 NA
"320" 0 15.2702405572814 4.15475093151422 0.780205331891792 0 0 0 2.75111840707162
"321" 0 1.23594896365864 6.58885547744419 0.595048996830509 1 1 1 NA
"322" 0 2.51727683535371 3.19693128571474 0.343756245369783 1 0 0 1.05665852986483
"323" 0 10.1246183989529 4.36066980642456 0.257970908110984 0 0 1 NA
"324" 0 16.1810264529028 4.70188515352672 0.50047426136848 0 1 0 0.674021826205555
"325" 0 16.8375156727479 0.341286712179442 0.795733051423985 1 0 1 NA
"326" 0 17.171795132857 6.01135213557552 0.285037436752783 0 0 0 0.706226412048567
"327" 0 30.5075965734824 2.44068121726105 -0.00518670020566534 0 1 0 0.849586321942609
"328" 0 8.78976462833402 1.21111407089441 -0.319444030750956 0 1 1 NA
"329" 0 25.2287924334775 10.9632238927273 -1.13931031093776 0 1 1 NA
"330" 0 2.65117242483374 8.79918271208372 -0.722931859100833 1 1 0 1.32927479360236
"331" 0 4.05673307130369 0.954858959593142 -1.34611778600352 1 0 1 NA
"332" 0 7.83791871827243 4.97874600244312 -1.34461952334965 1 0 0 1.65481089293992
"333" 0 17.0515132365852 13.5829112669063 0.62151043154985 0 0 1 NA
"334" 0 18.0088067836114 10.4904454621527 0.761719380969525 0 0 1 NA
"335" 0 11.2333342894215 10.653755290106 0.124550065856437 0 0 1 NA
"336" 0 6.78644226062738 10.6901230359893 0.892415010053856 0 0 1 NA
"337" 0 3.78333412196854 1.56201765675963 -1.34109704143368 1 0 1 NA
"338" 0 20.9361259356017 1.22865275702696 -0.00228353273046492 0 0 0 1.87406596122135
"339" 0 31.2461568034467 3.90300560714991 0.285496430223548 0 0 0 0.848359076381001
"340" 0 7.03997939178714 7.89696831357288 -0.97608027342399 0 0 0 6.43883756935475
"341" 0 2.7852341809062 0.766353409108774 0.076104333107761 1 1 1 NA
"342" 0 5.51317636914807 0.803443911177089 -0.446743904356858 1 0 0 4.02927698142819
"343" 0 1.59890343579247 1.05601578532385 1.02288254125524 1 0 1 NA
"344" 0 6.46425314667222 1.74462221560999 0.273493210303046 1 1 1 NA
"345" 0 3.19553100424978 11.152364652145 -0.545040574401541 1 0 1 NA
"346" 0 3.72356329566145 3.18519391069514 -0.277276345577995 0 0 0 3.16193070467471
"347" 0 4.52180250939353 0.924109517483503 0.440936731224188 0 1 1 NA
"348" 0 4.98783288415155 3.95335411086279 2.23820506225782 0 1 1 NA
"349" 0 5.36977898746272 0.224982266752526 0.542449478392824 1 0 0 3.5972825928583
"350" 0 9.25315592325222 7.66159813384707 0.533107210348895 0 1 0 2.03363444318093
"351" 0 3.23272746540572 1.25877106348822 -0.514875690131216 1 1 0 1.24891634786939
"352" 0 7.21418319009876 8.7955196297722 -0.824803777948105 1 1 1 NA
"353" 0 6.26168170192464 27.7895946946273 -2.83851997367741 0 0 1 NA
"354" 0 39.914389089518 2.8782541234165 0.22915075068556 0 0 1 NA
"355" 0 2.86421859589517 1.37813838311256 -0.367172883732044 1 0 1 NA
"356" 0 15.834299571848 0.514442999214177 1.17140494936588 0 0 1 NA
"357" 0 6.59950283073651 0.835710534802081 -0.0405501619726 0 0 0 2.46181264377488
"358" 0 2.99774737321955 7.111132442689 -0.940612084240864 1 0 1 NA
"359" 0 37.7006184785402 3.4639457045599 0.394132523304711 0 0 1 NA
"360" 0 2.06339361062857 0.067949834201763 0.0450491395649354 1 0 1 NA
"361" 0 6.27373069442576 7.22404874220226 1.47827221418988 0 0 0 1.11866711703137
"362" 0 13.1935992334232 3.82692839341683 -0.0248040250414412 1 1 1 NA
"363" 0 13.7544021777193 17.776004289934 -0.990533341593854 0 0 0 3.32291880358117
"364" 0 3.67900579143916 8.91015911647913 -0.593008150919238 0 1 1 NA
"365" 0 0.972994612628465 2.52466248718795 1.94943803929257 1 1 1 NA
"366" 0 12.3591346256172 1.91743147242173 1.65474650672244 1 1 0 1.06438022618668
"367" 0 0.843403993973668 2.49315809604139 0.603472821069053 0 1 1 NA
"368" 0 24.7498269542068 7.93133624812226 -0.444342801698048 0 1 0 1.62974042770575
"369" 0 1.30557384818386 3.7595718862519 -1.59983546641529 1 1 1 NA
"370" 0 9.90854982137663 0.909115826382951 -0.808469806337198 1 1 0 2.3935162031762
"371" 0 25.0488799734673 2.04759062807252 0.433926627142716 1 0 0 0.490030313307566
"372" 0 3.24574466754252 3.28403550947083 2.40495118634557 1 1 0 0.162983346483759
"373" 0 28.0250861801846 4.85593285128218 0.73531822789948 0 0 1 NA
"374" 0 7.90011941376635 5.1217226743987 1.20446752953386 0 1 1 NA
"375" 0 6.12862306680484 1.87818489059168 -1.06531470620476 1 0 1 NA
"376" 0 8.39894795037764 2.23427872092742 -0.173174138715993 1 0 1 NA
"377" 0 2.05366018968129 23.7633770711806 -0.709719548470504 0 1 1 NA
"378" 0 4.65332905477287 11.3032993790413 0.675702970922317 0 0 0 3.18603487021438
"379" 0 7.25124783510919 3.38805328189264 0.497662476657035 1 0 1 NA
"380" 0 26.1170205817018 3.95067329800298 -0.548138416354029 1 0 1 NA
"381" 0 33.7122462515379 2.88268879342642 -1.72929980410326 0 1 1 NA
"382" 0 17.2194140454795 1.72973792625546 -0.331134171596173 0 0 0 3.83613988831377
"383" 0 11.2859569354873 12.4249794932569 -0.932554186263665 0 1 1 NA
"384" 0 3.79982602076891 2.63061981491099 -0.361837297154166 0 0 1 NA
"385" 0 6.66420144347338 2.87906823614415 -1.13319545666269 1 0 1 NA
"386" 0 4.49257631087377 2.74008911592144 0.782521201680599 1 0 1 NA
"387" 0 10.1647733323151 5.56209955901419 -0.689083363348431 1 0 1 NA
"388" 0 5.60116923619083 9.83639235860189 -0.944887965811827 1 0 1 NA
"389" 0 0.168843199317052 6.54966933869498 -1.0198237053765 1 0 1 NA
