"Z" "Y1" "Y0" "x1" "x2" "x3" "ID" "D"
"1" 1 1.15390568417224 1.44373925912211 0.0558036293044974 1 1 1 NA
"2" 1 7.20717535823072 3.30414161058689 2.85222748452699 0 1 0 0.377516384526141
"3" 1 2.2025658240032 3.83514580640592 -0.25733104178959 0 0 1 NA
"4" 1 21.2999888549878 0.541820569220125 -1.40371741748637 0 0 1 NA
"5" 1 6.14157902824434 1.27995182113007 0.730831619663247 1 0 0 2.54767604160756
"6" 1 45.7589726022071 8.83144313178397 -0.441814491495007 0 0 0 1.32249648925756
"7" 1 3.49448749274687 2.36608022381651 2.24587331889995 1 0 0 1.52868578785491
"8" 1 7.4041967370671 3.11950012534222 1.24223880359066 0 1 1 NA
"9" 1 12.3392895980971 4.79679269129336 0.515672539708206 0 1 1 NA
"10" 1 18.5523970958722 4.66679310850182 1.21376711082475 0 0 1 NA
"11" 1 0.49396397798236 4.90299442250153 -0.722106357083609 1 0 1 NA
"12" 1 25.4871754943277 0.59492533822251 2.05920262106493 1 0 0 0.408697191404184
"13" 1 5.92148250160967 1.21283731881778 1.31941440033054 1 0 1 NA
"14" 1 6.28409424362262 0.257763991307761 -0.087335246542418 1 0 1 NA
"15" 1 13.4204067476911 4.94858196008057 0.571820302632831 1 0 1 NA
"16" 1 4.64324906043468 4.02984076492741 -0.628416721809754 1 0 1 NA
"17" 1 5.81261983930298 12.1515682468746 0.993304870718047 0 0 0 3.52691158679639
"18" 1 8.53915191762781 11.0632867637039 -1.0355803764483 0 0 1 NA
"19" 1 13.8382647313521 16.3988917794476 0.301515240460806 0 0 0 0.964560252229723
"20" 1 13.6456926123097 6.4949247679285 -0.588952290906836 0 0 0 3.14839970857605
"21" 1 4.24966591268582 0.598569862838438 0.469568358227531 1 0 1 NA
"22" 1 2.11151251949197 1.3374737782503 1.23257251374992 1 0 1 NA
"23" 1 13.2263306521455 5.20523875060552 -0.218333641326486 0 0 1 NA
"24" 1 10.8653834271843 9.42624036457624 -0.272179362088979 0 0 1 NA
"25" 1 12.9779861692816 5.7233322677445 0.952489204587136 0 0 0 1.43833814877495
"26" 1 2.07723101234063 1.95862493390536 -0.959554558548139 1 0 1 NA
"27" 1 26.5158567031928 1.65999162869641 0.502366149758827 1 0 0 0.862715419211417
"28" 1 24.1312777321849 2.8430374508291 -0.71738063045158 1 0 1 NA
"29" 1 10.7687440992215 6.01292253168165 3.08567845489911 1 0 0 0.331407646476954
"30" 1 12.9869272909416 5.9131572329132 -2.13007781533712 1 0 0 6.74654618783213
"31" 1 27.1880480999003 14.6573333565106 -0.444219070162265 0 0 1 NA
"32" 1 13.2009526083528 3.38678493017206 1.93597438563847 0 0 0 2.66240628492054
"33" 1 0.437752007397652 0.913562607227038 0.510680735328981 1 1 1 NA
"34" 1 2.65496074063451 9.4911202568666 -0.113929818686277 0 0 1 NA
"35" 1 10.1334548029754 17.7312922427683 -0.986164505261758 1 1 1 NA
"36" 1 1.24489708127148 5.16702026463 -0.0420612874825842 1 1 0 0.585828401683837
"37" 1 2.68264758575595 2.90899351832909 1.61750662007511 1 0 0 0.558957662423875
"38" 1 5.39691867412076 36.8348931180043 -0.579175719437899 0 0 0 4.19115667154261
"39" 1 22.2429276804714 15.5990216953085 0.054273404408583 0 1 1 NA
"40" 1 4.06924750892919 13.3961537758576 0.0117879405309315 0 1 1 NA
"41" 1 5.56944037167815 0.937891551070682 -1.2864143721451 1 1 1 NA
"42" 1 6.69409604507973 3.04115989053057 -0.836475385406188 1 0 1 NA
"43" 1 2.74938543538879 8.71508994392802 -0.399683061123262 1 0 1 NA
"44" 1 3.31908414886686 8.75741693508798 -0.613739068337075 1 0 0 2.30466429423467
"45" 1 6.87118095924802 1.14161785887987 0.813992103003425 0 1 1 NA
"46" 1 3.57415304273227 0.525015693257814 0.496730092246162 1 0 0 1.59542706255764
"47" 1 1.95832269102597 4.79286192581965 0.465644371293724 0 1 1 NA
"48" 1 9.28419305816467 5.46210763237368 -1.12645375351667 1 1 1 NA
"49" 1 14.8412397106483 9.67090534503374 0.326286360886358 0 0 1 NA
"50" 1 9.95815263354297 12.9271223616838 0.713414462498926 0 0 1 NA
"51" 1 27.4008137236847 5.80182250129678 -0.673136963958328 0 1 1 NA
"52" 1 2.34372815029648 7.64970098889273 0.718172038003596 1 1 1 NA
"53" 1 16.7658205925015 10.1197250276233 1.87090750164926 0 1 0 0.334889543286841
"54" 1 2.17329791238822 1.1910297080202 -1.54195163696879 0 0 1 NA
"55" 1 11.7092833231273 0.319883162300446 1.60842212477982 1 0 0 0.919747748734164
"56" 1 0.560968399472925 2.34089527097431 0.48460228478784 1 0 1 NA
"57" 1 1.28582259250769 16.5423162331873 0.628081382870086 0 1 1 NA
"58" 1 9.60756922301073 2.10496411035208 -0.599744032487861 1 0 1 NA
"59" 1 4.41426738326705 3.90153209707457 1.6877545743756 1 0 1 NA
"60" 1 9.46782193048535 6.27820034055941 -0.0730664955894948 0 0 1 NA
"61" 1 34.7640307533319 4.57192021327838 -1.09230293447885 0 0 1 NA
"62" 1 16.2950074005785 3.23526377054301 -0.41394376781854 1 0 1 NA
"63" 1 18.6660882316826 13.7352502584797 -0.0396118879138909 1 0 1 NA
"64" 1 2.54767082683559 2.96993382391181 -0.461161565229935 1 0 1 NA
"65" 1 4.16777770970447 0.915539770531384 -0.328044051464347 1 1 1 NA
"66" 1 0.152672024765143 0.954869341500637 0.413288064264308 1 0 1 NA
"67" 1 8.7749826127797 4.97468548591252 -0.976524951126085 1 0 1 NA
"68" 1 16.2342211825937 3.53446390395204 1.68829451100509 0 0 0 1.2962114199812
"69" 1 12.1916648094431 0.0928078065865345 0.38655271402243 0 0 1 NA
"70" 1 2.82793309050466 5.63594731720859 -0.341694603538709 1 0 1 NA
"71" 1 6.94769607832664 0.784095718061893 0.608713144636598 1 1 1 NA
"72" 1 4.31822246061485 35.2408638701308 -0.903500887695231 1 0 1 NA
"73" 1 4.21564963187566 2.50134990336568 0.208308133492916 0 1 1 NA
"74" 1 2.65887114144059 14.8717807784319 -0.0588542915714538 1 0 1 NA
"75" 1 10.7666384003932 17.828587313847 0.0575916913674084 0 0 1 NA
"76" 1 5.44315751993821 1.10596208065744 -1.42653859733369 1 0 0 2.27922899884368
"77" 1 3.20618163065691 10.0073697110015 -0.977152491632376 0 1 1 NA
"78" 1 6.55292448849135 2.81107826279739 -0.431768098152643 1 1 0 1.1933192317286
"79" 1 24.4678921908166 0.0806083237523663 0.70217098932783 0 0 1 NA
"80" 1 19.5076057930203 8.93161743253275 0.145707401134405 0 1 0 0.829575313840113
"81" 1 9.13366089548113 5.61083162790477 -1.36150639060961 1 0 1 NA
"82" 1 4.93112039757995 2.3066311554526 0.820364346701323 1 0 1 NA
"83" 1 3.96977094293482 0.797530083638815 -0.420758164130952 1 1 1 NA
"84" 1 29.9346120543536 14.6919435561721 -0.169924481302542 0 0 1 NA
"85" 1 24.2640972389552 20.6776991468576 -0.367755017709938 0 0 1 NA
"86" 1 2.69560264783472 2.1057894421172 0.740133346083189 1 0 1 NA
"87" 1 33.6517234129034 7.46279373843101 -1.90059587387345 0 0 1 NA
"88" 1 5.81921400370879 0.00888360641769793 -0.708566997607643 1 1 0 4.34450729723485
"89" 1 5.39393363340673 7.38577409630172 1.99916519906282 0 0 0 1.15422357295337
"90" 1 2.33418117916935 9.74388347614345 -0.350052362292256 0 0 1 NA
"91" 1 4.33820922372055 1.30100262390699 -0.846952398126735 1 1 1 NA
"92" 1 3.19200751871509 8.68748118779055 0.618139073163383 1 0 1 NA
"93" 1 9.33292540569556 1.74124295992762 0.00450932716952833 1 0 1 NA
"94" 1 10.5112625133893 2.66929362456355 0.512298764689966 1 0 1 NA
"95" 1 0.964871947680036 18.8297064652724 0.687591304250606 0 1 0 0.868108011319261
"96" 1 3.10498906996775 5.77002487495772 2.14840344911033 0 0 0 0.602397646537117
"97" 1 2.78270552222284 1.64992556229755 1.79161320182348 1 1 1 NA
"98" 1 7.67333849716378 14.9786348463793 0.52053031192513 1 0 0 1.38697734714233
"99" 1 7.11326729716029 7.65658230469409 -0.990161549586603 0 0 0 4.94613488705021
"100" 1 8.25534267495826 12.4444082897609 0.47879457077193 1 1 0 0.174661392848884
"101" 1 5.04635761895984 20.5322277285815 -1.2648444953369 0 0 1 NA
"102" 1 23.3248106969084 4.74552605463832 -1.29236117392788 0 0 1 NA
"103" 1 3.29173900902546 0.264905480413783 0.296600612488498 1 1 1 NA
"104" 1 1.08399223693613 1.67812487192495 0.237990281835658 1 0 1 NA
"105" 1 0.433288926184419 10.1535954039338 -0.285740284926559 1 1 1 NA
"106" 1 2.94180374801135 9.21481340481165 -0.689631419375319 0 0 1 NA
"107" 1 2.28495119476391 1.94288214391699 -0.38836807375786 1 0 0 1.41716805625034
"108" 1 18.1503100133578 0.179314604892051 1.35769975461006 1 1 1 NA
"109" 1 5.19764130106613 6.86027719592997 0.741834789269546 0 0 1 NA
"110" 1 6.43446911731054 4.88866675336777 -1.6999860098852 1 1 1 NA
"111" 1 3.40705055744307 7.11459910428531 -0.813338074465071 1 1 1 NA
"112" 1 0.60164979845765 2.45932929749143 -0.300358188960097 0 0 1 NA
"113" 1 35.1290018101257 14.6308715122194 -1.63304549633625 0 0 1 NA
"114" 1 11.1160498162546 1.2436329225005 0.534807539466499 0 1 1 NA
"115" 1 11.1450679564033 3.6140482704748 -0.886041686693733 1 0 1 NA
"116" 1 25.7737416012973 3.08926430013862 -1.03140654473883 1 0 1 NA
"117" 1 7.96177064426531 2.17382669181814 0.0966673495451005 0 1 0 3.52228670916963
"118" 1 19.280163639265 7.81929103866631 -1.65830208826 0 1 1 NA
"119" 1 13.7240232651501 12.9220418475432 0.665350852338943 0 0 1 NA
"120" 1 15.8458159775485 19.4560789778703 -0.411452136071278 1 0 1 NA
"121" 1 7.10280243739038 4.7423935559966 0.799351712227631 0 1 1 NA
"122" 1 2.59511325967238 0.445501358362539 -0.604540467801048 1 1 1 NA
"123" 1 15.6655388270006 5.59060390403289 -0.210032539748679 0 0 0 3.36893560893166
"124" 1 5.48292975315623 41.7479857541408 -1.34379153570206 0 0 1 NA
"125" 1 2.08102206680966 5.16577805604739 0.0351999281858924 1 1 1 NA
"126" 1 5.03537046226188 11.755685908888 -0.982993045565486 0 0 1 NA
"127" 1 1.67879692007227 9.72936887824425 0.0380892900239881 0 0 1 NA
"128" 1 8.72326090653068 11.4046895201382 0.106242810268181 0 0 1 NA
"129" 1 13.7240770628887 4.04804127648291 -1.33765604337187 1 0 1 NA
"130" 1 4.3384885401534 38.3656056298701 0.343126871719031 0 0 0 1.57707445549637
"131" 1 4.78119571018233 9.41306660110555 -0.70539939683211 1 1 1 NA
"132" 1 31.3483726602672 9.42045428918851 -1.79356936722179 0 0 0 1.9344255229002
"133" 1 6.62041374941795 15.5608666791246 -0.884669600331204 1 0 1 NA
"134" 1 3.91460300656204 0.666803352459537 0.985113961632974 0 0 0 2.84137719512628
"135" 1 23.3112195334673 26.179088874793 -0.196705171623197 0 1 1 NA
"136" 1 1.48420459088838 21.4126766581571 0.762375455691479 0 0 0 0.774478655520078
"137" 1 1.57013762553525 4.30309876398263 0.0328113507008597 0 1 0 1.10321807562174
"138" 1 5.97795371429649 29.7614608602395 -2.61328176348686 0 1 1 NA
"139" 1 20.294248307041 9.83138183766024 -1.35916020175688 1 0 1 NA
"140" 1 7.48446835770239 4.92431916150756 0.737183238397975 0 1 0 0.375430537583706
"141" 1 2.68161907736556 1.01518542069186 0.519366403416583 1 1 1 NA
"142" 1 2.66415240407742 10.03167348084 -0.785808677783493 1 0 0 1.55195395987231
"143" 1 4.58124075896979 4.13042830188055 0.323950646377661 1 0 1 NA
"144" 1 0.0151773686915431 0.416521391707262 -0.264998094325731 1 1 1 NA
"145" 1 20.8525047950502 1.63868075711743 -0.728502190972249 0 0 0 5.30772136616583
"146" 1 43.0906431392894 3.06614410911163 -0.0376978535301026 0 0 0 0.991377264700863
"147" 1 2.5255566687233 0.933436652397981 -0.772534762465816 0 0 1 NA
"148" 1 7.84682585895526 4.61916884030933 -0.772371752731707 0 0 1 NA
"149" 1 3.64690271810377 11.205982626807 1.18093794675654 0 0 1 NA
"150" 1 11.7969446659908 0.262207975943144 -0.759837287829332 1 0 1 NA
"151" 1 23.2807758280489 11.6201190982378 -1.50971338971492 0 0 1 NA
"152" 1 9.27391821067532 19.8696087382318 0.0130028014531368 0 1 1 NA
"153" 1 15.0190089621412 13.276778309957 -0.612333515255831 0 0 0 3.88834319910814
"154" 1 11.1870576168729 20.9207672264461 -0.64177976518719 0 0 1 NA
"155" 1 24.7014246970697 1.469648101511 -0.101436334719095 0 1 1 NA
"156" 1 5.94556354340684 2.55183633719866 2.03384899367522 1 1 0 0.576473187293833
"157" 1 1.62229958373348 5.08654553743206 0.95873377298184 1 0 1 NA
"158" 1 1.85926808433149 1.81388255708128 0.570256004886004 0 1 0 0.913661438424385
"159" 1 9.82134063088455 3.29466489579654 0.801410284486708 1 0 1 NA
"160" 1 9.75894577716465 0.959436918421231 0.462230611162177 0 0 1 NA
"161" 1 13.649467769858 3.29314907660761 0.427400791798548 0 1 1 NA
"162" 1 2.92671037420658 22.5461584962994 -0.75267862297215 1 0 1 NA
"163" 1 6.3306233304021 5.6019325041493 0.724088475194714 1 0 1 NA
"164" 1 10.5686268842589 0.355095827860505 1.32388392708914 1 0 0 0.245949200550029
"165" 1 5.89925226201719 0.728027252548536 0.18521871686666 1 1 1 NA
"166" 1 1.89758696893724 4.27049063603065 -0.0236186112407759 1 0 0 1.83022687258306
"167" 1 3.4940695792446 2.04871823782337 0.75183809896445 0 1 1 NA
"168" 1 3.8745041582646 2.86835610990879 1.3556378032228 0 0 1 NA
"169" 1 7.47391911090307 35.9671452173583 -0.0961485915265224 0 0 1 NA
"170" 1 1.76718315540824 0.779164649702307 -0.319830874170352 0 1 0 0.499956980581558
"171" 1 24.1589437390898 14.1908158743434 -1.16506895359639 0 0 1 NA
"172" 1 6.87579301089043 22.4259222170855 -1.29607296488144 0 0 1 NA
"173" 1 14.0585501859805 13.5593167328142 -0.804021342938589 0 0 1 NA
"174" 1 11.4398784905052 0.0545769163650046 0.867529725153923 0 0 1 NA
"175" 1 5.94053034893371 2.95290210467111 0.0242852281137907 1 0 0 0.703920767887962
"176" 1 0.821431761119185 3.02146137556135 0.955833822590275 1 1 1 NA
"177" 1 2.02282635199187 5.23485068531122 -0.0182076885898841 1 1 1 NA
"178" 1 8.08662083181483 12.3974514244345 0.0507256021780243 0 1 1 NA
"179" 1 15.6532185933339 14.1698483968694 -0.666991405589517 1 0 1 NA
"180" 1 8.54630013244629 2.44243219308717 0.475853211084686 1 0 0 2.2989972080079
"181" 1 4.33411932516289 3.00480048791499 0.62793280150495 1 0 1 NA
"182" 1 2.69024194249498 2.32320649841166 0.405401211343552 1 0 1 NA
"183" 1 46.8410268523297 23.1097759766765 1.51135390418757 0 0 0 0.0984545668588312
"184" 1 4.21388120545936 3.19452810626182 0.848237869935723 1 0 0 2.10367944255494
"185" 1 5.08628076629922 8.25032596311303 -0.713420776007988 0 0 1 NA
"186" 1 16.007226812285 12.6480574539978 0.163704524699141 0 0 1 NA
"187" 1 2.39776627627581 3.35154101320587 0.706301542417506 1 0 1 NA
"188" 1 2.37816625266277 12.2046586494981 1.04658021677926 1 0 1 NA
"189" 1 18.6958113179339 5.71677540266459 -0.83144936071016 1 1 1 NA
"190" 1 7.30315955351761 3.86405645756774 1.47374519971574 1 0 0 1.75407943955413
"191" 1 22.991074396627 7.25911058754915 -1.11729315377753 0 1 0 5.00995765582082
"192" 1 4.48905424002099 3.44302508268955 0.390681162076836 1 0 1 NA
"193" 1 2.80574599586018 2.52600827332834 1.21772712086776 0 0 0 1.48774156651203
"194" 1 2.28949111335874 15.2789898090516 -1.76838733581707 1 1 1 NA
"195" 1 1.9283903043334 22.8711906807408 -0.772066652231885 1 0 1 NA
"196" 1 21.0985309349257 2.95865423930913 -0.00189832554770166 1 0 1 NA
"197" 1 2.82415904107764 9.88689588828935 0.110274203462112 1 0 1 NA
"198" 1 15.3565980806991 0.139202247328974 -0.670420752953623 1 0 0 3.93603203701861
"199" 1 4.77969440400921 3.04751125322778 0.746229635205954 0 1 0 0.621525345382881
"200" 1 47.7232278356615 6.07485769368843 -0.221995067349577 0 0 0 2.40512770167963
"201" 0 13.3387080881439 2.81026073981543 -0.160972118736031 1 0 1 NA
"202" 0 18.7885301981964 11.2391423658987 -2.40131171225066 1 0 1 NA
"203" 0 11.9138516944733 2.46317329882623 -0.453494621842394 1 0 1 NA
"204" 0 4.41751839109178 1.59303052615598 0.985053097804978 1 0 0 1.7270359478143
"205" 0 3.93003480479676 2.22916407026621 -0.916455042173137 0 1 0 3.14533661088381
"206" 0 12.9855509184054 4.33537567362758 0.180120089911323 1 1 1 NA
"207" 0 5.45184557497178 5.69495397205593 0.777711196483063 0 1 0 4.69484272980723
"208" 0 15.865298935619 78.4479029116327 -0.88462872035873 0 0 1 NA
"209" 0 31.4868372000067 7.84408112616367 0.282216461382708 0 1 0 0.266241155103985
"210" 0 6.46486425626402 4.16392629475777 0.0726655138487211 1 1 1 NA
"211" 0 3.98005532735274 15.5185968456778 -0.179324019583746 0 1 1 NA
"212" 0 10.2460039632791 9.78179373546017 -0.277462082540356 1 0 1 NA
"213" 0 10.5789200601578 4.6122585554532 0.833316771730695 1 0 1 NA
"214" 0 8.29048282408695 4.83854998157984 -1.4213578566064 0 0 1 NA
"215" 0 5.94892532077689 7.96344759097609 -1.47516215104661 1 1 1 NA
"216" 0 4.73333063808291 0.876591193597748 1.6577385282203 1 0 1 NA
"217" 0 3.42498523193807 9.2895871144503 -0.877578471547478 0 0 1 NA
"218" 0 3.93680983712611 6.56491976070017 -1.39591266919876 1 1 1 NA
"219" 0 2.62195472561121 0.391650884689264 1.83112820381708 1 0 1 NA
"220" 0 17.1034200545948 6.67424287635096 -1.41259891350935 1 0 1 NA
"221" 0 10.6028169632345 23.808993833889 -0.149661200636857 0 0 1 NA
"222" 0 56.7692266035124 10.1347860678155 -1.86648016096384 0 0 1 NA
"223" 0 13.1713419955199 3.09823905667755 -0.571629858046832 1 1 1 NA
"224" 0 11.8238637003243 7.47862683219872 -0.523516566309816 1 0 0 2.62666401316804
"225" 0 2.99970991317699 1.69232608627095 0.0180194445829257 0 0 1 NA
"226" 0 6.88490593692894 5.59954649328607 2.4268827222755 1 1 0 0.187018041390952
"227" 0 0.880225007062947 23.5298675045646 -0.453217662196322 1 0 1 NA
"228" 0 10.6956467715116 2.05986271431735 -0.0410003993806467 0 0 1 NA
"229" 0 15.0128667212701 10.4210273060254 -0.67101893075171 1 0 1 NA
"230" 0 24.3197612763083 1.01828486889519 -1.37976437018952 1 0 1 NA
"231" 0 11.9571437801254 1.86983142647313 -0.878895413591806 1 0 0 7.29303724340282
"232" 0 58.8357234636452 5.48074363828164 -1.68366066457678 0 0 1 NA
"233" 0 4.49321402332163 7.76370881194008 0.675691748360751 1 0 1 NA
"234" 0 5.81847102799872 10.2593361675981 0.923143944106955 1 0 0 1.29111652581867
"235" 0 2.99951537199881 27.5192062603555 0.0690844301424053 1 0 1 NA
"236" 0 28.4508664139788 0.358325746911082 1.62200358574563 0 0 1 NA
"237" 0 5.52661341986787 0.117692816733876 0.309189416871555 0 0 1 NA
"238" 0 5.07074094401744 16.6996057773387 -0.284440147582906 1 0 1 NA
"239" 0 3.35350130590494 3.3468251485177 0.861623991561294 1 0 1 NA
"240" 0 11.9747826219979 2.87951917519275 -0.235140351142994 1 1 1 NA
"241" 0 2.47845599650192 3.77950263722969 0.888117935589028 0 0 0 2.30974602763068
"242" 0 16.1474824049769 15.7256836271781 -0.490842213707381 1 0 0 0.830503366713228
"243" 0 18.2083742015815 4.97710017631797 -0.135517834988105 0 1 1 NA
"244" 0 12.2524642474084 17.16752259477 -0.754379052205702 0 1 0 3.6037586577492
"245" 0 3.5744328823973 3.04399949104528 -0.126373151119588 0 0 0 2.67295167096433
"246" 0 11.1145545334396 24.0013868993271 -0.789746141293798 0 0 1 NA
"247" 0 24.65032312589 13.1646517860364 -2.93659359778829 0 1 1 NA
"248" 0 4.47929383460879 0.70309131360382 -0.364622180945326 1 1 1 NA
"249" 0 12.6480252726727 6.06605860600759 -0.372286829291145 0 0 1 NA
"250" 0 4.92830231542742 0.755247506808805 0.786683506598792 1 0 0 1.97264539640489
"251" 0 4.22839665750111 0.611882894159742 1.01447942603311 1 0 0 2.79767393369353
"252" 0 35.0323954898678 0.837126255026118 0.296661336961966 0 0 1 NA
"253" 0 7.41321248006822 13.9912569967167 -0.469004806187475 1 0 0 1.43361995941911
"254" 0 0.634109949413723 6.38150530414457 -0.0879609376138327 1 1 1 NA
"255" 0 5.61834498363757 7.23244790392823 0.375771849149301 1 0 0 1.55586710772235
"256" 0 2.02504044931957 2.86454465972702 0.591107256275494 1 0 1 NA
"257" 0 15.5057301950181 10.9725368190623 -0.214493642053663 0 0 1 NA
"258" 0 4.43782843628587 1.19223170900393 0.746085572563851 1 1 0 2.36288179968849
"259" 0 7.54674131781412 0.183625147244264 1.05524569440794 1 0 0 0.786524065911521
"260" 0 15.8520240042647 5.46292198300318 0.0460229470859302 0 0 0 2.75237678240194
"261" 0 19.2788914927363 102.980875342868 -1.58218527735638 0 0 1 NA
"262" 0 10.0397386205989 3.22433600579348 0.881887744413804 1 0 1 NA
"263" 0 4.24260756738745 1.77681280092379 0.0537216710989948 1 0 0 0.609735145676692
"264" 0 10.417898357041 5.13100753405369 0.614849028004203 0 0 1 NA
"265" 0 7.17243236597563 20.05152613905 -0.37040269956206 0 0 0 0.424682430118178
"266" 0 20.8857164126466 11.6234455189455 0.338190021019427 0 1 0 1.26863417231637
"267" 0 21.4208878012902 3.03753821359663 0.570129551053168 0 1 0 2.55219986209299
"268" 0 16.4725615851333 5.26253725141144 0.994168842629405 0 0 0 1.44271204720879
"269" 0 3.24128860665421 1.16922060549002 -0.638453953567008 1 0 0 2.78036290637069
"270" 0 10.1515922945101 3.54124145389895 1.43351193901792 0 0 0 0.933735182057856
"271" 0 13.1079426888047 1.87502548161594 -0.457119223476625 1 1 1 NA
"272" 0 7.70926096374262 0.771397971358343 0.566737390640655 1 1 1 NA
"273" 0 33.5282048842194 8.7986981292327 -0.809411180549778 1 0 1 NA
"274" 0 15.0257042709926 3.62165674512045 0.197561602965727 1 0 0 0.959115495003953
"275" 0 4.23922284746686 3.70529050586549 -1.3777765260338 1 1 1 NA
"276" 0 3.07479486273827 3.32120072824112 0.979955541088793 0 1 1 NA
"277" 0 4.27491140377064 2.28574855417054 0.633585173827526 1 1 1 NA
"278" 0 21.9821474607226 9.62717519434374 0.669867441479056 0 0 0 1.099529572799
"279" 0 4.07989811631108 9.4773764922795 -0.219791866634451 0 1 0 2.8119245453926
"280" 0 0.531010820297537 13.2134957321644 2.43005170311456 0 0 1 NA
"281" 0 3.52304672828561 6.82124723076598 0.881999397058205 0 0 0 0.695999943046254
"282" 0 3.28141174171573 1.84478254864763 0.669045624504579 1 1 1 NA
"283" 0 5.94559322760898 8.17516450275406 -1.10412762814533 1 0 1 NA
"284" 0 4.72208279505124 17.8245140520317 -1.98960911269698 0 0 1 NA
"285" 0 22.5770360885522 5.47688561313898 1.05666416145058 0 0 1 NA
"286" 0 7.30733894428678 14.6565238080163 0.527536609315784 0 0 1 NA
"287" 0 14.3010780784016 1.2843959539253 1.04931733312068 1 0 1 NA
"288" 0 2.97715560126323 2.08476223434214 1.07367668695707 1 0 1 NA
"289" 0 4.32710039944746 7.29044727772774 0.30548217660605 0 1 0 1.00165956029531
"290" 0 3.9854430483586 4.70576809555309 -1.42246831191043 0 1 1 NA
"291" 0 12.9730131112286 7.20733331529199 1.08468115612695 1 0 1 NA
"292" 0 17.8127848043129 10.7997386127806 1.01500795157514 0 0 1 NA
"293" 0 3.40116413065695 5.40115770403705 -0.328096886992726 1 1 1 NA
"294" 0 3.40456271037445 1.14565436372131 -0.250581474751619 1 1 1 NA
"295" 0 18.3849679697802 0.041022770304158 -0.741995842201169 1 1 0 1.86094840745103
"296" 0 23.823897402933 4.40911204467619 -1.29789655375291 1 0 1 NA
"297" 0 6.56153686857247 7.9342208673501 -0.389601483972317 0 1 1 NA
"298" 0 2.96979883141515 1.70397354147887 -0.97067772820175 1 0 0 2.93553901276203
"299" 0 3.02487899276246 3.92931529637006 0.654128287741495 1 0 1 NA
"300" 0 3.62950961174025 1.75026283178078 1.12904897658246 1 1 0 2.21408760941273
"301" 0 6.00945823378827 2.83563425766973 -0.141394351426565 1 1 1 NA
"302" 0 3.30722462816688 7.04272632143061 -1.40523152487675 0 0 1 NA
"303" 0 23.6160751815519 0.537782649639717 1.53190204735416 0 0 1 NA
"304" 0 5.29600080437703 6.06162591664983 2.12986417408705 0 1 0 0.683319600951289
"305" 0 8.6247798986493 4.41227410042607 -0.429898734486454 1 1 1 NA
"306" 0 8.17880256749404 0.944622354609791 0.275907261782447 1 0 0 3.37520481667918
"307" 0 5.63389750821984 1.67289530627318 1.62932353123122 0 0 1 NA
"308" 0 40.7436828063073 4.47483313777879 -1.09347451128524 0 0 0 4.08355277344325
"309" 0 1.61177742038558 2.52736485194887 0.991475082795354 0 0 1 NA
"310" 0 5.35664957448355 2.25019373760209 1.59071767292054 0 1 0 1.31158135498171
"311" 0 2.22256705159408 7.15970399396444 0.0780838108782942 1 0 1 NA
"312" 0 2.34905234783854 0.343016192410799 -0.0712855807954392 1 0 1 NA
"313" 0 3.1083493448308 31.8516612128501 -0.639591903051242 0 0 1 NA
"314" 0 15.624257578249 8.44743999422909 -1.66561223962625 0 0 1 NA
"315" 0 19.8180142532601 1.16377873254955 0.797754538424389 1 0 1 NA
"316" 0 26.3139685830804 18.2755009801298 0.106392601849834 0 0 1 NA
"317" 0 12.5294386634749 1.7247421080868 -0.881744303458034 1 0 1 NA
"318" 0 3.06141293676264 6.51929476455753 -0.281918425293944 0 0 0 1.82487185958206
"319" 0 9.63007799646789 13.3146550060622 0.19137673520623 1 0 1 NA
"320" 0 1.89672446039281 1.34264847623369 0.248391179944051 1 0 1 NA
"321" 0 2.27950457343479 0.118153513693022 -0.369173011337446 1 1 0 1.58419784479078
"322" 0 1.76217361981004 8.00027393001464 -0.412847797501662 0 0 1 NA
"323" 0 8.47952292245841 17.3678778622335 0.586558782013368 1 0 1 NA
"324" 0 23.7455434692509 7.84707009390606 -0.568172253734236 0 0 0 3.47101065828259
"325" 0 5.58532311086782 0.529357337491165 -0.641797319001781 0 0 0 3.97698654912071
"326" 0 5.32225222070985 0.550397356944726 0.861620163147781 1 1 1 NA
"327" 0 2.40690323485854 12.336182347805 0.711089262399851 0 1 1 NA
"328" 0 15.3878042646477 28.2100430885357 -0.00429306167553241 0 0 0 4.67683144201659
"329" 0 14.7657013578051 22.4641706958122 -1.04690047395383 0 0 0 2.23665605343759
"330" 0 3.84314377432875 2.86489998157314 -0.360418882359331 1 0 1 NA
"331" 0 8.43331520607629 13.7356164388736 -1.69495264841534 1 0 1 NA
"332" 0 13.3293299899959 2.03665520786373 1.84741199616219 1 0 1 NA
"333" 0 26.1483696850944 3.12167238385851 -1.14366611259218 0 0 1 NA
"334" 0 2.41211012857057 0.804093267635499 0.444996108708076 0 0 0 0.493101690071273
"335" 0 3.58736885013942 20.9219023104089 0.403582426627482 0 0 1 NA
"336" 0 7.6123057999042 2.03544197137981 -0.232019273682915 0 1 1 NA
"337" 0 20.3792804075348 16.0964101674185 0.252169903345561 1 0 1 NA
"338" 0 7.37546174162297 1.12495506263014 -2.30861042755282 1 0 1 NA
"339" 0 0.748138420429619 7.46640377271755 0.428527188296281 1 1 1 NA
"340" 0 27.1487336817578 5.62417040612971 -0.788416238136662 0 0 0 3.2655598248579
"341" 0 20.9612304336399 3.40390907683848 -0.0625846490972266 1 0 0 1.10675153519633
"342" 0 5.15156620809694 10.0997801084509 -0.180287624474383 1 0 0 1.00778157956722
"343" 0 14.6385571843049 10.9855670815369 0.74503404455413 0 0 0 1.07765740671988
"344" 0 12.3027174783113 2.70845072620892 0.410781795117462 1 0 0 2.41595643121356
"345" 0 3.04551161066245 2.85685671900663 -0.482054293017237 1 0 1 NA
"346" 0 6.55600554947763 1.68539075113375 0.330861642207149 1 0 0 0.661041886701303
"347" 0 12.364505596478 14.0007711536708 0.351179025690743 0 0 1 NA
"348" 0 5.51751809221349 2.6225251625303 -0.144091562190776 1 0 0 1.90233994358299
"349" 0 6.29167925108657 5.61658105824111 -0.0128609943300238 0 0 0 3.08193400022389
"350" 0 12.4389389135021 14.1648219209827 -2.17549106616616 1 0 1 NA
"351" 0 11.6748046218749 0.707969003817308 -2.33255293831675 1 0 1 NA
"352" 0 7.20694388363376 10.8361455867357 0.259571010180357 0 1 1 NA
"353" 0 11.1994954706262 14.1044844615884 -0.650548127071178 0 0 1 NA
"354" 0 5.7046391004756 1.59875853590632 0.173851867744022 1 0 1 NA
"355" 0 4.42755977238706 0.671896993910723 -0.279911467265616 0 0 1 NA
"356" 0 7.36230248034897 5.37991741526723 -1.85234674114201 0 0 1 NA
"357" 0 16.6812041033823 10.5513958075329 1.11466238586454 0 1 1 NA
"358" 0 15.1955004626181 7.74353252027975 -0.958482440660357 1 0 1 NA
"359" 0 29.0994884031888 1.13028497731119 -0.880396875185742 0 1 1 NA
"360" 0 7.71155992179036 17.5596332902767 2.22449667650264 0 0 0 1.71184973232577
"361" 0 5.21855873307261 6.43736352070449 0.0571166028228172 1 0 1 NA
"362" 0 10.6283630342771 3.82786768679157 0.690083672500628 0 0 0 0.746344737379389
"363" 0 21.4471642181835 5.86268739850754 -1.54489193092033 1 0 1 NA
"364" 0 7.26000587582484 1.48366902950991 0.368561306016221 1 1 1 NA
"365" 0 16.4137025213003 3.15435482515264 0.932659544956352 0 1 1 NA
"366" 0 2.52964102143385 1.45887930269378 1.59333316347612 0 0 0 2.24298411396007
"367" 0 23.3332976613595 19.6645026823675 0.0759111807070506 0 1 1 NA
"368" 0 19.3151632631907 4.33709282702747 -1.57360968906883 0 1 1 NA
"369" 0 11.4173583214635 26.508861889547 -1.38207222589717 0 0 0 5.70410965855885
"370" 0 9.9511834838966 8.78045578264552 1.33997428005763 0 1 1 NA
"371" 0 11.6239501011439 30.679541750131 -2.30687532752415 0 0 1 NA
"372" 0 8.37848555872961 6.87519199913197 -0.346270695562671 1 0 1 NA
"373" 0 19.6237516957048 4.21022484363299 0.541727383189195 1 1 1 NA
"374" 0 2.90654600406868 2.76668242796924 0.90423799323274 1 1 1 NA
"375" 0 13.4208433019857 5.21729178464696 0.882000570566786 1 0 1 NA
"376" 0 6.72637581832793 20.3798670694173 -0.236169654262943 0 1 0 1.31704941633472
"377" 0 1.86452824928249 9.37709754392557 1.35035022947466 1 0 0 0.813192744454405
"378" 0 4.31650767774575 5.12759600747906 1.58369261258688 1 1 1 NA
"379" 0 15.5198828670941 0.598815782341976 -0.870009491942312 1 0 0 2.49756919750216
"380" 0 55.2111707219133 1.84655906653614 -0.386905158225822 1 0 0 0.657291625482083
"381" 0 7.04697119206519 24.7702669614332 1.65967890188969 0 0 1 NA
"382" 0 60.6205456554123 9.52748164988819 -1.25623109398126 0 0 1 NA
"383" 0 21.8760141436011 2.39238595392429 1.1383356199955 0 0 1 NA
"384" 0 11.4709195777788 13.3906522800041 -1.20283227770581 1 1 1 NA
"385" 0 9.79802732254225 0.136263564935075 0.236403169936152 1 1 0 2.87700289010503
"386" 0 10.6134295671783 13.1248792194366 -0.602210501186534 1 0 0 1.96925556026003
"387" 0 29.3016847917866 7.60579849282748 0.433907962908368 0 0 1 NA
"388" 0 8.11658387839784 4.44809356768314 -0.0630663215395819 0 0 0 0.480805358590404
"389" 0 4.6418726445636 1.09627379708501 1.72297545877344 1 1 1 NA
