"Z" "Y1" "Y0" "x1" "x2" "x3" "ID" "D"
"1" 1 6.78482734972978 13.5087244824315 0.0595627056985543 0 0 0 2.48338226656204
"2" 1 8.75983674729652 15.3252833072016 -1.10710931589086 0 1 1 NA
"3" 1 5.82943867747501 24.3826537432225 -0.840034096855457 0 1 1 NA
"4" 1 2.3529075830752 5.78199688220425 -0.0018665106007486 1 0 1 NA
"5" 1 14.8561899876513 3.50272545993163 -1.12073500048647 0 1 1 NA
"6" 1 8.43886545720515 3.21055067743864 0.638928200224648 1 1 1 NA
"7" 1 11.7748556565773 8.7542007432362 -0.399366060246418 1 0 1 NA
"8" 1 4.57371556212636 6.20855450809449 1.64842204968714 1 0 1 NA
"9" 1 16.4517529472818 1.87577679969442 -0.523633022284893 1 0 1 NA
"10" 1 26.5864347864267 12.1543985183257 0.369913332504484 0 0 1 NA
"11" 1 21.3866525368995 7.68479862856719 -0.397485484659303 0 0 0 4.29501558340619
"12" 1 1.18815924275034 3.02810324915721 -1.04792737982583 0 0 1 NA
"13" 1 24.8898867558716 6.30035567697078 0.419323431425499 1 0 0 1.56533030494229
"14" 1 5.16358036504378 6.54630202491343 -1.484437573876 0 0 1 NA
"15" 1 0.876583022217878 1.29802741517841 -0.754378147971342 1 0 1 NA
"16" 1 1.36326182607398 2.9378178384111 0.609928534442001 1 0 0 1.26193102815459
"17" 1 10.4848305254373 14.8367633541142 1.71439992123436 0 0 1 NA
"18" 1 8.77600464726187 0.122171058138907 -0.18769083069521 1 1 1 NA
"19" 1 7.95100543884407 1.77177503431977 -1.96671766007022 0 1 1 NA
"20" 1 12.1877356131937 11.7211058101876 -0.837481413351151 1 0 1 NA
"21" 1 39.6449528048219 23.8436119577122 -0.364580270935844 0 0 1 NA
"22" 1 1.63686620832098 37.1586658281966 -1.57400669123192 0 0 1 NA
"23" 1 12.0605371296484 3.97542498558646 -0.505980120297974 1 1 1 NA
"24" 1 35.1894025403767 6.46695810539071 -0.358258112806466 0 0 0 1.87674506883346
"25" 1 3.01519995183654 11.7188402103299 1.33700867350307 1 0 0 0.529572819648917
"26" 1 12.8207275346786 3.18443276864505 0.783648222383623 0 1 1 NA
"27" 1 0.350429290259287 0.0295870281796819 0.32616069554394 1 0 1 NA
"28" 1 2.84813569230169 3.73266794837294 -0.0768907806034617 0 0 0 2.73959131815339
"29" 1 11.7353635413609 2.95238649809854 1.34406290083124 0 0 0 0.770851803965831
"30" 1 1.70857578860238 18.7117384031511 -0.515859874973197 0 0 1 NA
"31" 1 4.53629894132464 9.92584781532461 -0.400113867039293 0 1 0 0.676424134019308
"32" 1 2.39944015694899 2.23165573254813 -1.38497235909976 0 1 1 NA
"33" 1 1.12638586153021 11.8005270836719 -0.420515620015167 1 0 1 NA
"34" 1 16.691480619182 6.00644839123833 -0.487391334804199 1 0 1 NA
"35" 1 9.40296377606028 2.65432381567549 0.450207446631387 0 1 1 NA
"36" 1 6.27290783348536 6.07124977347264 -1.77512253349472 1 1 1 NA
"37" 1 5.09331048613556 9.71896774496635 0.481656243771224 0 0 1 NA
"38" 1 6.6846540958923 2.07969707683468 -0.723975572500924 0 0 1 NA
"39" 1 4.7384203918241 3.50137844721653 0.913652417064826 1 0 0 3.1200051400826
"40" 1 0.774607109650822 17.6369045057897 -1.26141765592432 1 1 1 NA
"41" 1 3.11642809843105 6.64200206946838 0.613439028279049 1 0 1 NA
"42" 1 3.519329262237 13.1849756230082 -0.142025961792129 0 0 1 NA
"43" 1 3.2816016516906 10.524649838713 -0.276936299128961 0 1 1 NA
"44" 1 2.84669427735865 5.86487545822512 -0.819821862120464 1 1 1 NA
"45" 1 0.949581448410343 9.1490724881529 -0.665261475834033 0 0 1 NA
"46" 1 38.1451611497515 19.7044426400302 -0.523230868112405 0 0 1 NA
"47" 1 0.534928780880262 4.56719352825221 -0.419921213801927 1 0 1 NA
"48" 1 1.58565110425581 5.38023272268421 -1.92223183147651 0 0 1 NA
"49" 1 0.689834622111069 7.04711487714205 1.04057616583937 1 0 1 NA
"50" 1 16.3753776860842 15.0985484154457 0.113042219038192 0 0 0 1.60777368735676
"51" 1 7.13148794035224 13.7113149627137 0.855784683676588 0 0 0 2.32622607145556
"52" 1 5.40170100041687 1.52003683868516 1.32051747129215 1 0 1 NA
"53" 1 2.53065591760066 9.92786056702763 0.407574546175734 1 0 1 NA
"54" 1 7.87466840090709 4.51711407612715 1.53923407791011 0 1 0 2.2162610442432
"55" 1 25.5370794054416 24.8189245273511 -0.590522686916133 0 1 1 NA
"56" 1 2.80006472238951 0.322106914006784 -0.255478357132906 1 1 1 NA
"57" 1 27.483240239389 8.81265039321835 -0.322398222570073 0 1 1 NA
"58" 1 0.0220760234733554 2.32360250746027 1.63225844282021 0 0 1 NA
"59" 1 5.27103619564738 7.71050374281966 -0.425801203697677 1 1 1 NA
"60" 1 7.92472150185671 4.51261938802154 -0.673463004592212 1 0 0 3.12589793284279
"61" 1 4.95618386713858 2.65323436829624 1.16249860081808 1 0 0 2.32845022053666
"62" 1 9.2022656985745 10.5033113579022 0.890004528500738 0 0 0 3.46627510964724
"63" 1 9.82722715429245 3.46080158849232 1.23198376254289 0 0 0 3.31498261528011
"64" 1 3.88400325997006 12.0024059127274 -0.97585476564329 1 0 1 NA
"65" 1 59.0604093872435 3.71953148599249 -0.780382983556019 0 0 1 NA
"66" 1 11.1035103738093 6.33228072492074 -0.934709671568923 0 0 0 2.65558498300331
"67" 1 15.2010164635012 5.00492228993608 0.869340631518942 0 0 1 NA
"68" 1 1.71443371362689 0.763457709427735 -0.672595201931308 0 0 1 NA
"69" 1 10.2953001486892 7.95695450091492 1.60369032339871 0 1 0 1.3625189275611
"70" 1 10.1745251795384 9.75089936886637 0.27843013843599 1 0 1 NA
"71" 1 9.9735935520244 0.610035240555371 0.468082426872408 1 0 1 NA
"72" 1 6.08456222518164 5.43534971527223 -0.179360487487477 0 0 1 NA
"73" 1 7.01609471770061 14.8332102702241 -1.5642965926371 0 1 1 NA
"74" 1 7.72540945424832 13.6342674785586 0.622656847799218 0 0 0 2.62100023306436
"75" 1 4.53042995033932 4.41357694727109 -0.0742363877700341 0 0 0 4.24584366222648
"76" 1 6.5402752887749 1.85834609748427 0.358982783864504 0 0 1 NA
"77" 1 13.6348803992865 14.496380088711 -1.69322174862117 1 0 0 4.22038524543956
"78" 1 10.1496629510659 12.9860603870039 -0.370864050357257 0 0 1 NA
"79" 1 6.45272340639064 0.38247178527727 0.35384264936203 1 1 1 NA
"80" 1 20.3570113208979 0.111413370177141 0.136725436945395 1 0 1 NA
"81" 1 6.93644678319387 8.60137457369326 -0.620164137712989 1 0 1 NA
"82" 1 1.26503814952444 2.38049884783133 -0.10936124120185 1 1 1 NA
"83" 1 17.9076070478908 32.6802435997189 -1.5558331128434 0 0 0 5.7360433237163
"84" 1 37.8130910576824 4.10750119050305 0.155567447472805 0 0 1 NA
"85" 1 15.2562933381665 0.00212258824457704 -0.366657666500825 0 0 1 NA
"86" 1 13.2016324692652 16.5942673985339 -0.381867432104288 0 0 1 NA
"87" 1 4.5164211270611 5.09236378602648 1.49550353231612 0 1 0 0.405538902739483
"88" 1 23.6097812641233 5.38733974412084 -0.0763877037319605 0 1 1 NA
"89" 1 7.05925550099888 4.37191166859888 1.88016429548083 0 0 0 1.89898490282367
"90" 1 19.6094405723402 15.0298154816316 -1.54093970262839 1 0 1 NA
"91" 1 1.44602504536245 0.358628811949844 0.861036873300944 1 1 1 NA
"92" 1 0.276752501377163 1.77316528935032 1.18924042582735 1 0 1 NA
"93" 1 7.1566804797039 6.26469899198055 2.07808945497232 1 0 1 NA
"94" 1 5.55708694092331 6.6236022419433 0.800117141242962 0 0 0 2.31476877864293
"95" 1 3.74984979464094 0.976717165088173 -0.0146836897164397 1 0 1 NA
"96" 1 3.52496037819426 6.47651195296837 0.9528854447282 0 0 1 NA
"97" 1 2.95820381692948 9.55301672999996 -1.68189029730813 0 1 1 NA
"98" 1 11.2526386566388 0.440912245839027 1.11463723612297 0 1 1 NA
"99" 1 1.62839655667784 1.06803633974693 -0.726894103667438 0 1 1 NA
"100" 1 9.23435354812946 38.8347366338236 -0.0658153166714218 0 0 1 NA
"101" 1 13.37546670305 4.16678586283509 1.28205023021504 0 0 0 1.83250869325061
"102" 1 2.15126284447709 3.4956936815626 -0.708123970846985 0 1 1 NA
"103" 1 15.0552331247618 7.77766834587393 0.0980699337510086 0 0 1 NA
"104" 1 14.366525707162 11.6043312577359 1.43953950342707 0 0 1 NA
"105" 1 43.7923773504051 2.38233911091235 -1.57604181523529 0 0 1 NA
"106" 1 4.50599408967439 0.341945244331734 0.16104021818464 1 1 1 NA
"107" 1 9.44148798362834 3.18257099948434 1.56468090143462 0 0 1 NA
"108" 1 4.37808967491412 9.10559560187082 -0.572815977600917 0 1 0 4.35284777310465
"109" 1 14.1262994854158 4.51215682015943 1.07693803270361 0 0 0 0.910287022918087
"110" 1 7.45034895577831 19.3671048841047 0.0739262022362112 0 0 0 2.77563080616337
"111" 1 6.03327288533283 15.492710761202 1.00847611860708 0 0 0 1.09780074134723
"112" 1 0.926318085730915 23.3011468563057 -1.50945097487874 1 0 1 NA
"113" 1 36.4381667174912 2.39150018753026 -1.43822877372407 0 0 1 NA
"114" 1 19.6049041729746 3.27623071935994 -0.746558882246202 0 0 1 NA
"115" 1 9.22684707872481 3.61413591101763 -1.09672563204027 0 0 1 NA
"116" 1 6.97757346194396 3.86264724332293 -0.0562657224726583 1 1 1 NA
"117" 1 22.9782849098045 10.4233619914458 -2.42121330332048 0 0 1 NA
"118" 1 11.2221440209883 25.3327142522432 1.4104426044026 0 0 1 NA
"119" 1 1.36911961941536 7.11942631538621 0.61405791126315 0 0 1 NA
"120" 1 9.94635628266332 3.37348013592364 0.579667788896191 0 0 0 2.41307309004075
"121" 1 2.02571826135446 0.418323762583959 1.71571971822396 0 1 1 NA
"122" 1 2.78861603250649 4.36222203220292 1.34737502984094 0 1 1 NA
"123" 1 2.03706779560895 0.440867904254279 2.10692233065838 1 1 1 NA
"124" 1 6.3153610468405 10.8912250136218 2.22124720641259 0 0 0 0.073662629203377
"125" 1 4.21794003346991 9.01620228422074 -0.129802790804761 0 0 0 1.59487689578387
"126" 1 5.23141000503842 8.75337345410207 -0.426471481385686 0 0 1 NA
"127" 1 13.7407454745194 14.9570631396331 -1.11868325410528 0 0 1 NA
"128" 1 9.12237182576439 15.1061747353703 -3.25714282351174 0 0 1 NA
"129" 1 8.72501656879937 7.63235991614185 -0.753733266274645 0 1 1 NA
"130" 1 2.95856884784781 9.14062123318225 0.903314848700019 1 0 1 NA
"131" 1 2.37005235601306 0.93241895994891 -1.46941366876637 1 0 1 NA
"132" 1 2.58761270010548 9.17179037663012 1.15856284797265 1 1 1 NA
"133" 1 16.20582004679 5.61559707666476 -1.45723416094957 1 0 1 NA
"134" 1 23.0895597659446 5.45030150794287 -1.43970051491989 0 0 1 NA
"135" 1 1.57770954851779 13.8626751682785 1.42251720944115 1 1 1 NA
"136" 1 4.02557810563106 6.87158053784228 0.541300433697607 1 1 0 2.35599445485261
"137" 1 8.05920193440225 4.93376425064885 1.34785343032474 1 0 1 NA
"138" 1 8.88829035663627 12.3327510201964 -0.103532418938068 1 0 0 1.80667884764839
"139" 1 3.53141471207827 4.33425755191038 -0.365573168303054 0 1 1 NA
"140" 1 12.0557321671657 4.42512417471924 0.724637496407539 1 0 1 NA
"141" 1 12.9080911234658 4.75480943799449 -0.374798455014107 1 0 0 0.420934075346505
"142" 1 11.010374535537 0.299282895037739 0.556461781163523 0 0 1 NA
"143" 1 8.51580226088988 9.03633740064453 -0.753957881744104 0 0 0 3.14699107951594
"144" 1 3.77333516887471 6.28293729782157 0.104838064834541 1 0 1 NA
"145" 1 0.95688832291364 7.37313949991073 -0.599418844906594 1 0 1 NA
"146" 1 27.3178582163966 19.2829131628319 -1.63976668151089 0 1 1 NA
"147" 1 3.06634661859102 2.81303445727566 0.971914760687951 0 0 0 0.776374445563651
"148" 1 26.7721106234214 22.8049384858403 0.250312394154906 0 0 1 NA
"149" 1 28.9508680742696 11.4064032627696 0.54886664558744 1 0 0 1.07130221028276
"150" 1 11.6972643889956 6.07809857384775 0.208448477717621 0 0 1 NA
"151" 1 1.49617363706336 5.6597741958068 -0.382328505799545 1 0 1 NA
"152" 1 6.02523524750338 6.53156829221889 -0.14936198438688 0 1 1 NA
"153" 1 4.16469567079564 3.32080051155856 -0.110677283233854 1 0 1 NA
"154" 1 4.77723173104107 19.8424646615458 -0.414224450168177 0 0 1 NA
"155" 1 2.63108435400166 5.46019613626889 0.45736177829612 1 0 0 2.42823196690896
"156" 1 7.77731222175746 11.166176603076 0.227696556463722 1 1 1 NA
"157" 1 5.66910845934298 3.09500829015482 1.45591633945997 1 1 0 2.24895524784673
"158" 1 32.2927848622959 20.3236486536407 -1.58334878290613 0 0 0 2.54040881434126
"159" 1 0.813234956638579 0.823051074079839 -0.34477646247677 1 1 1 NA
"160" 1 7.22081804706816 13.4368808925698 -0.699365599336244 0 1 1 NA
"161" 1 6.86721980292737 13.8650069608099 0.251199427195948 1 1 1 NA
"162" 1 12.044004803873 10.2376608441831 -0.974681474066782 0 0 1 NA
"163" 1 2.00016099892982 23.4526627497073 1.44489302666567 0 1 0 0.868319447511708
"164" 1 5.75955467633241 1.07094672865536 0.445478081818119 1 0 1 NA
"165" 1 13.0159993639159 10.3206848603069 -1.6741869744586 0 1 1 NA
"166" 1 0.397445844912984 3.32579517281965 1.31023606942966 1 0 1 NA
"167" 1 0.443147831325255 8.47514537734709 1.61417270491178 1 0 0 0.306017909348837
"168" 1 4.40304532946302 1.13830084003047 1.05572272831686 1 1 1 NA
"169" 1 12.4488706446428 16.1314672402179 -1.11596983471315 0 0 1 NA
"170" 1 20.7124372963734 3.27298625207358 -0.541711193063417 0 0 0 2.91657264735718
"171" 1 8.44077547851734 7.24530411050913 0.613163544389792 0 1 1 NA
"172" 1 16.1235316902401 2.87583539884222 -1.02026016364387 0 0 1 NA
"173" 1 0.276980480283418 3.9099590264187 -0.110027075005272 0 0 1 NA
"174" 1 2.5500611404135 0.450716451020246 -0.242891686239854 1 0 1 NA
"175" 1 4.4468898281867 8.57817328326864 0.360843173868061 0 0 0 1.88053088248512
"176" 1 6.04221681037438 26.879274674713 -0.905314000450149 1 0 1 NA
"177" 1 30.2701290686067 14.9635188324565 -0.704733747384201 1 0 1 NA
"178" 1 12.4025494516257 5.49063789978242 -0.638895616342431 0 0 0 4.77841593868206
"179" 1 14.5420565675729 18.403457078283 -0.422794433732584 0 0 0 2.31298579120669
"180" 1 3.15382616795402 5.4408770262781 -1.69019430199637 1 1 0 2.49729821228524
"181" 1 15.4947721982654 2.62148269137339 0.53382487179875 1 0 1 NA
"182" 1 4.20429870427597 4.14970010444878 0.336303142884055 0 1 0 2.24575901164499
"183" 1 4.48283679568492 8.40099914444467 -0.411948038309854 1 0 1 NA
"184" 1 2.20290213891623 3.11449016875744 0.570413876080469 1 0 1 NA
"185" 1 2.45822939928379 2.76733748196886 1.90415794693097 0 1 1 NA
"186" 1 12.0155848548361 1.8276339592414 0.226551644620649 1 0 1 NA
"187" 1 3.44010032710473 33.7208994027727 -0.679956414783867 0 0 1 NA
"188" 1 12.8493578892915 14.3421236436586 -0.28118077826119 0 0 0 0.701504004597583
"189" 1 4.15606314405733 0.40681783398927 -1.00326074836289 1 0 1 NA
"190" 1 6.65786258049727 9.65290880150678 -0.150393680167005 0 0 1 NA
"191" 1 1.54005525184612 2.22998874750253 1.3163256086308 0 0 1 NA
"192" 1 3.6829799263362 4.13623590883464 0.599495337527059 0 1 1 NA
"193" 1 24.0739820336628 8.07319816494441 -0.681520621088102 0 0 1 NA
"194" 1 10.6972643309135 7.22312543186457 -0.12781884988173 0 1 1 NA
"195" 1 8.88212896302728 1.28178827757614 0.255084975048986 0 0 1 NA
"196" 1 14.9619505361075 7.29862758958397 0.447341700585407 0 0 0 1.12524812021029
"197" 1 1.88991330130198 4.92806294448804 1.0263128252363 0 1 0 1.20441344239675
"198" 1 12.198497169 1.7840463933799 0.529848992008922 1 0 1 NA
"199" 1 3.44809286644033 4.94362316950734 -0.963718708935815 1 1 0 1.95111948409831
"200" 1 7.03099316331084 6.56481082214248 -0.083186331442412 0 0 0 1.08868395068186
"201" 0 16.454959455632 9.26626224401461 -1.09457293360205 0 0 1 NA
"202" 0 17.8876068832511 7.78662737314396 0.32847964036185 1 0 1 NA
"203" 0 13.5847493351973 3.33110745125341 -0.972000182602357 0 1 1 NA
"204" 0 8.14491536203434 4.99985285805585 0.354420310623083 0 0 0 1.04680917887776
"205" 0 4.68545492554917 3.63737319113344 0.346196797047133 1 0 1 NA
"206" 0 3.45929356546886 12.1962720330707 -0.700593642832114 0 0 1 NA
"207" 0 6.06072743110322 0.780969259986243 1.21800952747893 0 0 1 NA
"208" 0 2.80534865715981 12.0278883816795 0.867748346434509 1 0 1 NA
"209" 0 7.68547316254316 9.56370403236332 -0.180712382020771 1 0 0 5.09502790532716
"210" 0 13.8635927490231 8.51511625876078 -0.963493197654464 0 0 1 NA
"211" 0 2.92138101154401 14.4316387942811 1.85139865141555 0 0 0 0.638658303362361
"212" 0 1.57051326631226 0.197351707675047 -0.204214853425858 1 1 1 NA
"213" 0 6.56325923068225 6.73106983171348 -0.0873747465600962 1 0 0 1.86068279513132
"214" 0 8.65447154051751 17.7064758197432 -1.32558568831423 0 0 0 2.51937446561684
"215" 0 16.7879742847446 11.9853908857038 -1.25022542746688 0 0 0 2.56350110936381
"216" 0 7.28515921162773 23.3108053093089 -0.656332082721192 0 0 1 NA
"217" 0 14.5449592852143 5.52234027372812 -0.655355611272441 0 0 1 NA
"218" 0 13.9223789670149 4.39763166191519 1.3472885166426 0 0 0 1.7947916554618
"219" 0 8.00852068011103 1.46086380393656 0.355134430922702 0 1 1 NA
"220" 0 29.6546555620831 2.31270194083692 -1.61357186182558 0 1 1 NA
"221" 0 4.6252743110125 11.8282989414143 0.0339627121394565 0 0 1 NA
"222" 0 12.0098818902504 6.32238429458618 -0.392283290790276 0 1 1 NA
"223" 0 4.72978618232177 0.480551004876358 0.234176862819887 1 1 1 NA
"224" 0 3.23312574092356 0.359635986737082 1.57725614384706 1 1 1 NA
"225" 0 3.71813991912937 10.8548692828307 -0.809796810948708 1 0 1 NA
"226" 0 25.2502286345524 16.2129981836363 -1.08475716071327 0 0 1 NA
"227" 0 1.50934538858297 20.4111215304373 -0.822596843973587 1 0 1 NA
"228" 0 2.21500228741874 15.2744961762206 0.377300158702951 1 0 1 NA
"229" 0 10.5545021682985 1.51705552161835 -0.722714370801807 0 1 1 NA
"230" 0 16.2413735770694 4.96883978734934 1.51277394013209 0 0 1 NA
"231" 0 5.67429813121894 5.63287574639401 -1.17315542363522 0 0 1 NA
"232" 0 16.5614046889791 10.9627238419972 1.32083516017627 0 0 0 2.58421716586732
"233" 0 7.50593232341179 0.226080031455202 0.42793709652622 0 1 1 NA
"234" 0 1.48211135238495 3.62067794695823 1.41863407391327 1 1 0 1.46025960583544
"235" 0 9.60612140101082 0.663953186229 -0.249373919618524 0 0 1 NA
"236" 0 7.25231571132544 3.90813430615021 0.160364248855884 1 0 1 NA
"237" 0 3.63989599842585 0.0427580170900568 -0.499151248860687 1 1 1 NA
"238" 0 19.808757628505 9.321750959541 0.132229665949104 0 0 0 3.63136509080426
"239" 0 0.813382326828407 10.4208508967133 -1.38617337775988 0 1 1 NA
"240" 0 10.5390716902619 3.95546927488557 0.385446575690019 1 0 0 1.79240813210313
"241" 0 12.2194308137651 3.05661599680967 1.2021288513108 1 0 0 1.94278297317705
"242" 0 6.49667235995099 4.31016755733248 0.582731935842509 0 0 0 1.72269127191266
"243" 0 1.45697974201897 2.20271005226537 1.50361894268426 1 0 1 NA
"244" 0 25.9710534591428 19.4034648556426 -1.15526893650427 0 0 1 NA
"245" 0 1.33996775175265 1.87344113138947 -0.830957815935832 1 0 1 NA
"246" 0 6.03019815813873 3.52453839311971 0.2369932804341 0 1 1 NA
"247" 0 18.2320758110028 0.155355434817467 -1.21852643329289 0 1 1 NA
"248" 0 7.88991958515997 7.53924724568231 -0.874425502942578 0 0 1 NA
"249" 0 12.9841612358573 6.63279373233737 -1.09883485476617 1 0 0 6.255081838866
"250" 0 9.97930620366818 0.740653353865865 2.30488099291419 1 0 1 NA
"251" 0 1.37293268406076 20.8964905099683 0.350920537903689 0 0 0 0.466053498715216
"252" 0 6.02218822672454 8.66433216030047 -0.903300987396666 1 1 0 0.920852955551458
"253" 0 30.1801266796092 15.7373984647889 -1.22959031492373 0 0 0 0.877560701515864
"254" 0 0.691328166507974 1.38509279303623 0.345226375590445 0 0 1 NA
"255" 0 26.0730308220776 7.83940260091512 -0.654628901124073 1 1 1 NA
"256" 0 11.0230707099631 24.3827772952939 -0.95029329453018 0 0 1 NA
"257" 0 5.1285159371952 5.6721200612926 0.687713053833481 1 0 1 NA
"258" 0 2.60925504958551 4.2332979677588 0.351844544594147 0 0 0 1.66198712555965
"259" 0 1.31168214377803 2.44572358452041 0.474595327994507 1 1 1 NA
"260" 0 3.73024520012703 3.52689684360604 1.43245093876581 1 0 0 1.09919088035355
"261" 0 8.35453706370505 7.48757835460226 -0.126517019295821 0 0 1 NA
"262" 0 9.24049462964684 8.75143346726976 0.0766286461126766 1 0 1 NA
"263" 0 9.83837491203044 5.37454674873745 0.582681965195475 1 0 0 1.89327765591883
"264" 0 3.943168469018 5.18133721394681 1.36898563868171 1 1 0 0.121304479206545
"265" 0 7.59590750548049 11.6861803742298 0.907949850808671 0 0 1 NA
"266" 0 4.52059599776881 5.86590564885613 -1.21002913298058 0 0 1 NA
"267" 0 4.20191959011698 7.04665278460523 -0.922787632318456 1 1 1 NA
"268" 0 7.19491557067313 4.87417134819303 0.689365997222484 0 0 0 3.8546536070738
"269" 0 2.94057464013851 1.85931327315206 -1.1302714155765 1 0 1 NA
"270" 0 5.48857937376082 0.256724758394591 1.25959163539512 1 1 1 NA
"271" 0 4.22715334653205 1.7057112588608 0.237279810859557 1 0 1 NA
"272" 0 9.32468521741395 5.77125195187049 -0.161595038550654 1 1 1 NA
"273" 0 15.2367299095812 7.64367889419347 0.554405647840738 0 0 1 NA
"274" 0 4.09894759923243 5.15420999681652 0.0839231417241875 1 0 0 0.596765327213077
"275" 0 9.57602357918405 3.0305842653695 -1.13549756925662 1 0 1 NA
"276" 0 12.7616675712473 4.50037880037179 -0.70894835783059 0 1 1 NA
"277" 0 8.43130188266366 7.01773007632696 -2.72183217677454 1 0 1 NA
"278" 0 6.19889506932715 11.5162976797724 -0.80740680091461 0 1 1 NA
"279" 0 19.3300502887646 3.79972576510516 0.208777731067182 0 0 0 2.33654609996524
"280" 0 14.2314148023527 19.5031614317152 -0.932351766697024 0 0 1 NA
"281" 0 30.9861175467593 3.22052941362484 0.0974892095629441 0 0 1 NA
"282" 0 2.96565931980184 7.74664809269616 -2.10690173451969 0 0 1 NA
"283" 0 23.6811013460189 4.93147113418064 -0.453343943135028 1 0 1 NA
"284" 0 19.2830742687622 6.57144560857186 1.48509853266621 0 0 1 NA
"285" 0 7.48781932078617 3.03679202342864 1.50477136801338 1 0 0 1.86866222256573
"286" 0 10.6921085704257 9.57128202561889 0.832077925613945 0 0 1 NA
"287" 0 19.420601123988 0.304983269908816 1.12084047262109 0 0 1 NA
"288" 0 5.44574854732916 2.04408481562055 -0.0434293880980058 1 0 1 NA
"289" 0 0.153284068600136 10.5972521825428 -1.31471568463634 0 0 1 NA
"290" 0 9.42199258686202 11.2819815601674 0.486556929956268 0 0 1 NA
"291" 0 6.4056604944179 2.96268845024173 -1.23529342403587 1 0 1 NA
"292" 0 5.75156623538223 11.1738007869802 0.782477685952022 1 0 1 NA
"293" 0 5.65523839388543 4.85103279565529 -0.81604919040945 1 0 1 NA
"294" 0 3.75934510463921 0.975833344738901 -0.378794367315875 0 0 1 NA
"295" 0 3.03915613619296 16.3344787985758 1.72790323385279 1 0 1 NA
"296" 0 6.13920017718887 12.3040571257988 -1.54793350730837 0 0 1 NA
"297" 0 0.751869126273114 21.8158272945583 -0.66435313638736 0 0 1 NA
"298" 0 4.59053593278817 3.48890627115697 1.48390001877246 1 0 1 NA
"299" 0 5.9560278084616 0.155823945407577 1.21400495853216 0 0 1 NA
"300" 0 3.20124160359844 2.19362061162066 -1.23132340607678 1 0 1 NA
"301" 0 3.02533712990895 3.24216307962881 0.7761982409195 1 1 1 NA
"302" 0 7.42725369855706 3.23825566412147 -0.592234020307353 1 0 0 0.149298010283979
"303" 0 14.9029169364034 1.70137578208818 0.46828303439135 0 0 1 NA
"304" 0 3.60547875902174 4.18425185616952 0.391269445336826 1 0 1 NA
"305" 0 1.74445938985127 3.52762387704952 2.66961711538329 1 1 0 1.06187711720599
"306" 0 4.51878235761752 4.98332125752344 1.66484987745021 0 0 1 NA
"307" 0 3.3341869621451 11.2102918539929 0.191789663132985 0 0 0 0.909330213018732
"308" 0 8.75859302117453 11.7491635992687 1.06707938472423 0 0 0 3.60969253173203
"309" 0 2.35807784610658 7.55215129812202 0.593877262923611 0 1 1 NA
"310" 0 23.9841351647962 3.72353538710825 0.152082200956809 0 0 0 2.93060598753791
"311" 0 4.43084981648962 12.1164108651958 1.12603886979938 0 0 0 2.116226052409
"312" 0 7.21095080611065 1.6048016172932 0.754684661851625 1 0 0 1.32140393894298
"313" 0 8.87311860075736 0.415690409866508 -1.07875035799771 0 0 1 NA
"314" 0 14.1180938248592 5.78336006549906 -0.784587084745258 0 1 1 NA
"315" 0 9.42818504617879 4.49232235465131 1.12284254045639 0 0 0 0.813731273133286
"316" 0 28.1250154955551 6.65561571827231 0.199807921665581 0 1 1 NA
"317" 0 9.59475328591871 2.6470730794051 0.938640252069258 0 0 0 1.03208180434803
"318" 0 7.45630202693117 6.37891065744964 -1.25579073932208 0 0 0 3.51817453150364
"319" 0 2.12424861770187 2.6686417187396 0.133870486582122 1 0 1 NA
"320" 0 4.98610050571148 5.32311508965298 -0.491148535107778 1 1 1 NA
"321" 0 1.09777045050114 0.894209029307572 -0.494258357144864 1 1 1 NA
"322" 0 23.8353008820431 12.1005244996805 -0.259112340560554 1 0 1 NA
"323" 0 12.1627929407229 22.6727934609216 0.0387508005949854 0 0 0 2.09233226140661
"324" 0 2.27476795732578 2.74807196285894 0.0145115825987017 1 1 0 2.26525041467436
"325" 0 17.6360477088994 0.018910568100554 -1.9292948900179 0 1 1 NA
"326" 0 0.48120496531342 0.712235802224094 0.371674762299081 1 0 1 NA
"327" 0 4.63946770816369 6.09465692489914 3.0259121377842 0 1 0 2.92564537575866
"328" 0 4.70342252816189 3.55341044888141 0.352987103660909 1 0 1 NA
"329" 0 28.0315443330907 6.66046679182216 -0.877590510986075 1 0 0 0.112092277174924
"330" 0 8.66449492239065 0.642219304433802 -0.510922199794717 1 1 1 NA
"331" 0 2.60664852524139 2.23521829570833 0.835492963587304 1 1 1 NA
"332" 0 1.62995299676372 2.02834933801505 0.959765167503699 1 1 1 NA
"333" 0 13.3000386780157 6.7279494708069 -0.0637284794934798 1 0 1 NA
"334" 0 4.64013773985242 3.9346891125954 1.35871650041066 1 1 1 NA
"335" 0 4.43846213833397 3.16832284096118 1.10696898488179 1 0 1 NA
"336" 0 20.342662217606 2.74197242772582 -0.828747171286487 1 0 1 NA
"337" 0 9.32842409324669 6.82738254521844 0.236891129715496 1 0 1 NA
"338" 0 3.55763671372759 12.1782104783271 -1.16723132384331 1 1 1 NA
"339" 0 22.0017177746999 4.1501759047085 -1.28407274308534 0 1 0 3.59484284762176
"340" 0 2.4556790170364 3.56250866194708 -0.341324559945516 1 1 1 NA
"341" 0 6.08602935712457 17.7288333800199 -0.0385112336742904 0 0 0 3.54322767643044
"342" 0 13.4217126676694 9.09896614085847 0.712351877573166 0 0 0 0.972029552749301
"343" 0 1.62390163133351 20.4129745051553 0.516254142415293 1 0 1 NA
"344" 0 2.16626445121097 3.21739575804366 -1.06445636724842 0 1 0 1.02869486090788
"345" 0 4.91299717418621 3.85081762447272 0.536749553034677 0 0 0 3.76441830003101
"346" 0 5.46926713256751 5.67686689027911 1.28031772854453 1 1 1 NA
"347" 0 30.9139863532261 5.98618398437822 0.0714129843231985 0 0 1 NA
"348" 0 8.46833224674489 18.2994467466012 1.1483696850395 0 1 0 1.11051348956344
"349" 0 1.78583868755258 1.01132211147216 0.819837755790968 1 1 1 NA
"350" 0 5.30472548778062 4.93252365332879 0.0715326224650978 1 1 1 NA
"351" 0 9.24062674196097 2.05025943247207 -0.824563205664624 1 0 1 NA
"352" 0 3.01202200616873 1.81209752995859 0.0285621112930776 0 0 1 NA
"353" 0 7.13076696679441 22.3226124583537 -1.18212328597898 0 1 1 NA
"354" 0 1.65966793710751 0.626353400014253 0.45928246700034 1 1 1 NA
"355" 0 1.84248337466761 25.6688498698906 0.515982143646648 0 0 1 NA
"356" 0 7.2330289814081 12.256336342527 -0.838774850628174 0 1 1 NA
"357" 0 13.6266964741753 19.2819620113993 0.878259772658319 0 0 1 NA
"358" 0 7.95432528713165 3.05051206616656 -0.395282907300148 1 1 1 NA
"359" 0 49.055270158895 3.69434757707089 0.224514882897944 0 0 0 1.08243477767479
"360" 0 0.5678827116203 0.759906115010454 0.428702581176038 0 1 1 NA
"361" 0 19.0414748038915 3.54936973717809 -0.981080845982416 1 1 1 NA
"362" 0 24.6588249923144 0.656809448053729 0.30058131893217 1 0 1 NA
"363" 0 13.0924193574132 0.454849688601444 -0.956034651541326 1 1 1 NA
"364" 0 0.112430616906562 2.95943016467684 1.29176111090617 1 0 1 NA
"365" 0 8.49891342836124 22.61442036415 -1.27805689658511 0 0 1 NA
"366" 0 6.15018236941474 2.60221831523795 0.323549519406328 1 0 1 NA
"367" 0 13.0442066491543 4.7415330287292 -0.255008739084819 0 1 1 NA
"368" 0 8.81310462450224 7.86838297412097 -0.706140059246943 1 0 1 NA
"369" 0 23.125074672577 19.145196485843 0.24319928811702 0 0 1 NA
"370" 0 10.9047077152248 10.272414869157 0.123442023742504 1 1 0 1.62144287655489
"371" 0 7.35475468485479 3.94719193962824 1.72475195179042 0 1 1 NA
"372" 0 7.88953255085607 6.40812816697193 0.875602197581952 1 0 1 NA
"373" 0 5.4231864519924 3.51894868726232 2.64265917524631 0 0 0 1.6563045048523
"374" 0 2.46405890899407 5.07588371684972 -0.605248606069489 1 0 0 1.10095683204167
"375" 0 4.71873796455524 19.6835300451403 -0.461627031022303 0 0 1 NA
"376" 0 5.54417214894652 7.14176772337648 -0.81363382864968 1 1 1 NA
"377" 0 6.80753989153895 1.61782384559233 -0.735874493662866 1 0 1 NA
"378" 0 3.00692943075715 6.28714000389132 -0.386055498162035 0 0 1 NA
"379" 0 5.64647972748773 5.09532175971877 0.136569817351467 1 1 0 3.54271987731541
"380" 0 1.68040964044992 7.10004943532576 1.65039888967853 1 1 1 NA
"381" 0 8.75107555071496 4.99921227694788 -1.04221913065302 1 0 1 NA
"382" 0 5.32092532852718 2.87706923051707 1.45622988225935 1 0 1 NA
"383" 0 3.47593530959408 27.2757673860994 -2.16736188095598 1 1 1 NA
"384" 0 3.4934542776468 0.519192171661688 -1.11764629144747 1 1 1 NA
"385" 0 18.9648316052073 6.33684813707381 -0.309760474157419 0 1 0 3.9735806099698
"386" 0 4.75389609399921 0.283071830735986 -0.214292099712107 1 0 1 NA
"387" 0 8.26982153262528 3.56992400653891 -0.715237755961162 1 0 1 NA
"388" 0 4.4570549545015 1.44253954697155 0.0774136656130071 1 0 1 NA
"389" 0 4.98007832283762 4.663080214413 -0.541148132301662 1 0 0 2.16746732250825
