"Z" "Y1" "Y0" "x1" "x2" "x3" "ID" "D"
"1" 1 5.37216277293893 6.25885780307419 -1.008167557658 1 0 0 3.12407575357297
"2" 1 19.5352639667145 0.655599318887409 1.3307135672478 0 0 0 2.40321903563122
"3" 1 4.06076353285514 9.74405903807731 -0.449124192593856 0 1 0 0.73059226369717
"4" 1 2.14694788383371 5.77186142463105 1.09738685704934 1 0 1 NA
"5" 1 3.28870793331101 1.53590754995185 0.090036882277697 0 0 1 NA
"6" 1 10.3067372457679 10.8448457119476 -0.125218234099287 1 0 1 NA
"7" 1 5.40801930412833 3.00259876965226 -0.840512094820489 1 0 1 NA
"8" 1 10.3833854739193 0.492936511303043 -0.863401590346648 1 0 1 NA
"9" 1 15.7680230464687 3.02358992655225 0.765608356024226 0 1 0 0.943363004690732
"10" 1 9.39399391681251 3.8597614800678 0.428352697990981 0 1 1 NA
"11" 1 32.6997713101053 0.645755978223875 -0.403579415483404 0 1 0 1.51575284963118
"12" 1 3.9627182683954 0.886143990783459 0.670335685357451 1 1 0 1.54348342903638
"13" 1 1.04876916280725 1.4376246070767 -0.329230075676303 1 0 1 NA
"14" 1 10.9840637811077 15.080144483892 0.532811316207708 0 0 0 4.39127628976719
"15" 1 15.6449245323824 1.90897682210269 -0.471741642128057 0 1 0 5.60345889301193
"16" 1 11.1657651929801 1.22057255535455 -0.830785550264626 0 0 0 1.9890250368923
"17" 1 9.1703461927786 5.48741850186346 -0.148880085107447 0 0 1 NA
"18" 1 5.10552782629599 3.9463206496473 0.658830819627079 0 0 0 0.959359354333762
"19" 1 3.58044859111663 11.5457667500575 0.381963861649122 1 0 1 NA
"20" 1 0.560989897324024 0.882930642812818 1.30062333993931 1 0 1 NA
"21" 1 17.5448822740263 0.897431725198895 1.95942524812115 1 1 1 NA
"22" 1 2.02618364570028 0.543790795960592 1.6401248318655 0 1 1 NA
"23" 1 2.83012652871882 17.9724407290818 0.420366422747925 0 0 1 NA
"24" 1 4.23854830613611 7.66323732328851 1.79710934848141 1 0 0 2.29796336920111
"25" 1 24.5668912222426 15.9621128768018 -0.170887005411377 0 0 1 NA
"26" 1 2.30258258370792 12.428635801506 0.886238482854742 0 0 1 NA
"27" 1 3.10055497792756 5.04427262455931 0.54553902410564 1 0 1 NA
"28" 1 8.38977449697529 9.25195149692094 -0.401051033645274 1 0 1 NA
"29" 1 1.41055028383779 6.920348700135 1.40562268554994 1 0 0 0.660863872196845
"30" 1 12.1548031918786 3.26365329774852 0.781368577346988 1 0 0 0.467331022287504
"31" 1 11.4117396507158 13.0140296401886 1.28822434272771 0 0 0 2.67713556591793
"32" 1 0.661840036756093 12.6222358902027 -0.546843585321678 1 0 1 NA
"33" 1 4.60972587161637 24.5556104117789 -0.333855478516069 1 0 0 0.779781688957834
"34" 1 3.91506068326392 12.2354395803055 0.378574235063576 0 0 1 NA
"35" 1 3.87184663509139 9.11305748455241 -0.882536872721943 1 0 0 0.175263632489733
"36" 1 14.0367551720943 6.20073457628138 0.00577507785172849 0 0 0 2.03086629465629
"37" 1 0.827602697816768 17.6124188017084 -0.766325106594227 1 0 1 NA
"38" 1 9.76522379495465 13.562379218719 -0.495025444042797 0 1 1 NA
"39" 1 30.0458436304372 12.2961397560489 -2.40493234491053 0 0 1 NA
"40" 1 0.671899732566605 16.5563613805803 -0.311318907953754 0 0 1 NA
"41" 1 23.0199490141068 31.7978013270131 0.851791334050928 0 0 1 NA
"42" 1 3.85029424520152 0.747489493003126 -0.583129900453333 1 0 1 NA
"43" 1 1.42756735327501 2.00035129201319 -1.17190428399938 1 0 1 NA
"44" 1 16.0769359189877 16.163826508314 0.220950846397006 0 0 1 NA
"45" 1 9.53422322419264 1.1397004040059 0.11042521889095 1 1 0 0.311183447254931
"46" 1 4.65047423597428 2.66238360124275 1.83701464905091 1 1 0 0.843319366104935
"47" 1 17.515694791385 2.5325198441537 -0.188394269801882 1 0 1 NA
"48" 1 23.2874184183531 20.3196163533973 0.47906317546388 0 1 0 0.595755752360447
"49" 1 4.73366164221715 1.5257805503758 0.353192570533719 0 1 1 NA
"50" 1 14.8274920951131 7.76723440437082 -1.05673535289616 1 0 0 8.85288731132229
"51" 1 17.0048822031805 1.15186254838794 1.17840972922067 0 0 1 NA
"52" 1 49.6194734519757 10.8309951021493 -0.284842328254495 0 0 1 NA
"53" 1 9.29461343545669 0.117906501858389 0.348502541372122 0 1 0 1.93039153353762
"54" 1 10.4928884551734 1.62705527822649 0.381198365237035 0 0 1 NA
"55" 1 1.8486875776471 5.07281280903239 -0.147064848315047 1 0 1 NA
"56" 1 5.74143624131932 1.32954508007326 -0.121035260060241 1 0 0 4.59855659870978
"57" 1 26.5182653934998 6.44344937262563 -2.29040793519532 0 1 1 NA
"58" 1 6.35321661152372 0.834928424089171 0.608100985598401 1 1 1 NA
"59" 1 6.62769783824182 0.975380960378017 0.0378422069286447 1 1 1 NA
"60" 1 18.2601454103486 2.45179470695179 0.812527038665131 0 1 1 NA
"61" 1 9.31439930888842 8.25737093070516 -0.253451966718244 1 0 1 NA
"62" 1 6.46034078028133 11.7024064668092 -1.36112500143692 1 1 0 1.61139419839367
"63" 1 18.6330030118993 2.67622563902261 0.874442503111991 0 1 0 0.258569159300456
"64" 1 2.66734405883602 4.3868937162777 -0.560567700165401 1 0 1 NA
"65" 1 5.66858110018279 7.46917928968166 -0.327227075410404 1 0 1 NA
"66" 1 5.28810254495969 5.37899854291602 -1.10266594991531 1 1 1 NA
"67" 1 1.79576493277234 2.82793351788032 0.845617097754958 1 1 0 0.687424485375629
"68" 1 2.14016720885749 8.64876680433833 0.23423686872358 0 0 1 NA
"69" 1 5.60690018358656 38.5588837856332 -0.624524908082543 0 0 1 NA
"70" 1 4.35979632183668 7.44924125361404 0.00771047338320599 1 1 0 2.44795260207879
"71" 1 5.04292202859742 1.00523207669068 0.748671675194643 1 0 1 NA
"72" 1 1.18039713628257 5.34354950572484 -0.468377390243089 0 0 1 NA
"73" 1 56.9513376077572 7.32737754236044 -0.0654159069892019 0 0 1 NA
"74" 1 4.23695459574612 22.2785505314333 -0.479811181174725 0 0 0 3.5902542377797
"75" 1 9.37461672241153 2.15629559917691 -0.0523549854171928 1 1 1 NA
"76" 1 3.0170793262228 1.08120024332061 0.974284724999106 0 1 0 1.72383948652693
"77" 1 50.9457339309125 5.97613036622868 0.159124055661736 0 0 1 NA
"78" 1 11.2028099271311 10.0393055752267 0.195197190669852 0 0 0 0.692054772766119
"79" 1 9.69048251390359 2.19125983265194 -0.0995846462534664 1 1 0 1.94628142065107
"80" 1 6.89311045348998 3.47291298626957 0.508214654683176 0 0 0 2.03501505776564
"81" 1 3.05815584628149 1.38664600518038 -0.00370303982377019 0 1 1 NA
"82" 1 12.9845952670586 3.02699826370566 0.934551646604656 0 0 1 NA
"83" 1 17.6557577577962 3.50848180402412 0.091551076639178 0 0 1 NA
"84" 1 1.89213847128311 3.91172938139316 -1.43447454662901 1 0 1 NA
"85" 1 14.155168717747 4.52399044107572 -0.633971525444577 0 1 1 NA
"86" 1 2.97517890087063 0.480432045361398 0.960878780789745 1 0 1 NA
"87" 1 24.3221761373378 6.73140832780423 -0.632441376467775 0 0 0 0.941987003107955
"88" 1 3.80389313966731 7.85542250194179 -1.00990905171795 1 1 1 NA
"89" 1 31.325916052637 3.71096197011689 -1.04150266149753 0 0 0 3.10530913425972
"90" 1 29.6418620765857 0.331780990379307 -1.03955542157724 0 1 1 NA
"91" 1 15.4196925917957 6.53871772692537 -0.472932782392165 0 0 0 6.74304200222434
"92" 1 11.9202997573399 2.64156255351775 -0.0986648799740056 1 0 1 NA
"93" 1 16.9700630039332 10.0503485349204 0.0869359344884831 0 0 0 2.20018960730673
"94" 1 9.94530794665912 0.246739603162557 1.0050873025932 1 0 0 4.10889065244473
"95" 1 5.28764883895781 2.88060159032108 0.457534794306934 0 0 1 NA
"96" 1 12.1768991128129 1.69885306911094 0.114777635035661 1 0 0 2.02532228080695
"97" 1 13.2135034817437 2.26669230835167 0.036918716399271 0 1 1 NA
"98" 1 4.01880207861292 3.65233627635027 0.926285306246749 1 0 0 1.04737660888914
"99" 1 1.7198133207417 5.80580722772455 0.453030681300461 1 0 0 1.1951715100491
"100" 1 6.16664859923625 2.80372148779347 0.966589842791975 0 0 0 0.709127430941388
"101" 1 5.91689045418054 2.96186375058348 0.354692372200497 1 0 1 NA
"102" 1 4.60700377095075 7.14639685411523 -0.0615363604246837 1 1 1 NA
"103" 1 11.1728672074248 1.98377496000367 2.47237564424507 0 0 0 1.86186577219676
"104" 1 2.52287271987251 1.21934948692499 -0.0209057358118552 0 1 1 NA
"105" 1 7.13978473186686 25.788104282404 -0.332547103849255 1 0 0 0.832242867451761
"106" 1 9.11769229983798 14.940656662787 -0.358771448068961 0 0 1 NA
"107" 1 5.17272977800955 2.90561603339236 0.174827499406905 1 0 1 NA
"108" 1 4.14566396665558 6.08725971467591 0.319684613171928 0 0 1 NA
"109" 1 0.837777555509697 3.02730458946565 1.41992332077491 1 0 1 NA
"110" 1 2.03554348042195 1.6954157445875 0.885413019418962 0 0 0 1.76336008531473
"111" 1 5.03473222796824 4.9460212027916 -0.339092300237613 1 0 1 NA
"112" 1 6.82211132058947 0.9638717921747 -1.16692977547313 1 1 1 NA
"113" 1 5.6475580549805 3.22721024987665 0.44450575054755 0 1 0 3.663886174838
"114" 1 13.4126164130698 0.930457958645937 0.594584274763271 1 0 1 NA
"115" 1 8.39204438352385 12.0896748235237 0.347894015113959 0 0 1 NA
"116" 1 2.39290630184667 3.20621268825474 1.27084634545126 0 1 1 NA
"117" 1 8.85717026171093 3.81508079124506 0.459667904092643 0 0 0 1.05289373163399
"118" 1 5.18227354047615 9.79318783745297 0.00801921545892344 0 0 1 NA
"119" 1 6.99701445884171 1.26075945180923 -1.36174947756417 1 0 0 5.04288247201646
"120" 1 23.8209751230685 22.6483875012379 1.3900442041974 0 1 0 0.749679473562926
"121" 1 10.1377746307024 12.7340180999345 0.0339093011411156 0 0 1 NA
"122" 1 10.3099595193159 1.67149925868985 -0.493347279877606 0 0 0 2.6461051931368
"123" 1 9.76743127204109 1.53823091617321 0.0816972804294069 1 0 1 NA
"124" 1 27.9320997216717 6.74400428163007 -0.358849969507317 0 0 1 NA
"125" 1 16.8079208274077 14.0052024491872 1.07393896946382 0 0 1 NA
"126" 1 5.92696255949744 5.56509921490942 1.84064825944726 0 0 1 NA
"127" 1 5.43697368635242 7.70741984671298 0.892780325885046 0 1 1 NA
"128" 1 0.839533967941754 14.7512782378083 -0.0600176660644551 0 0 1 NA
"129" 1 7.79148792458054 2.41843682177352 -0.823999793390037 0 0 1 NA
"130" 1 33.3514686708841 4.41086957298318 0.746436599547871 0 0 0 1.74797612661916
"131" 1 16.0247283463867 5.15515893494708 -0.322245466173184 0 0 0 6.51737051114999
"132" 1 15.0180372211625 9.30907827736206 0.0940197227562552 0 0 0 4.23134116243915
"133" 1 22.1499703011092 5.65279564714839 0.174785437014548 0 0 0 1.78356135570866
"134" 1 3.47397070521088 4.59529786898354 -1.27323694052452 1 0 1 NA
"135" 1 4.31041058747734 5.16189774876954 -0.552160777333211 1 1 1 NA
"136" 1 1.59440560478238 6.02002912486887 0.72671781757237 0 0 0 0.654795329466003
"137" 1 7.9410018605175 3.55408879531289 1.01427612116138 1 0 1 NA
"138" 1 1.92321191854007 6.30337150500162 2.09477305424122 0 0 0 0.870162362495462
"139" 1 9.7033685800153 9.40651484272744 0.43093205066062 0 0 1 NA
"140" 1 16.0830767672531 0.771711089806444 -1.6428388921022 1 0 1 NA
"141" 1 1.16236884825462 6.36716890958513 0.506637965339038 1 1 1 NA
"142" 1 1.18267506053442 5.5093505132086 0.156154158072186 1 0 0 0.943722510916839
"143" 1 4.04433315978493 5.65655768742409 -0.0825639330790853 1 0 1 NA
"144" 1 4.7357895436822 0.295358247533378 -0.551298084399447 0 1 1 NA
"145" 1 8.16008921710666 5.20399464618937 -0.863546318543601 1 1 0 0.867409724978646
"146" 1 12.88412553289 7.9371296450346 1.05531124835242 1 0 1 NA
"147" 1 9.02965159314867 3.48513410742698 -0.688362863206446 1 0 1 NA
"148" 1 14.8581441322693 5.37774945081446 -0.515580461871317 0 1 1 NA
"149" 1 7.23310789744331 3.25671451772154 0.125619872695869 1 0 0 1.46993447555774
"150" 1 1.01462123512333 28.8344660249077 -1.25376672841098 0 0 1 NA
"151" 1 12.3472553121362 11.7188043438797 0.217454238758329 0 0 0 3.13730657492099
"152" 1 7.75455022637154 9.97576372705866 -0.0927385316071205 1 0 1 NA
"153" 1 25.6336371725769 1.38535014964538 -0.742883676525782 1 0 0 0.781725751940723
"154" 1 6.01981364342035 4.24067571624201 1.61793338550013 1 1 1 NA
"155" 1 6.57857583063604 3.93092628156783 0.54592387388543 1 0 1 NA
"156" 1 6.5950829612952 7.27314245149714 -0.0698875700262774 1 0 1 NA
"157" 1 12.909466457389 4.89690246952098 -0.400327749283411 0 0 1 NA
"158" 1 30.9160579851823 8.59049200531065 -0.290998088897237 0 0 1 NA
"159" 1 1.49511861862754 10.4492933696525 1.23163719383389 0 0 1 NA
"160" 1 13.1962712471329 17.2095864915671 -0.314598695163435 1 1 0 0.854613547047678
"161" 1 8.97572506668862 1.07666642503143 -1.24282581835522 0 0 1 NA
"162" 1 4.75511091437261 0.807393943628894 1.27064058862722 1 0 0 3.87154642970499
"163" 1 23.6602675554967 17.7995827344503 -3.03135910432981 0 0 0 1.29608133012117
"164" 1 5.36569962323232 2.34322234967871 -1.75463215356368 1 0 1 NA
"165" 1 7.28260318200275 10.9948826343495 -1.96100126164425 0 0 1 NA
"166" 1 3.06570149602664 2.11241850460555 1.14516915132287 0 0 0 2.14618780381194
"167" 1 36.2240862018327 2.32320121785307 -1.63488636062909 0 0 0 6.42101589107836
"168" 1 6.15666862234567 2.13844937186528 0.0375803605440234 1 1 0 0.829666617225124
"169" 1 2.00005474568567 36.135044335624 0.375008457894274 0 0 1 NA
"170" 1 8.4985460788068 3.91374597828019 -0.58951144990848 1 0 1 NA
"171" 1 2.76047416755258 1.16758424901303 -0.684704582319993 1 1 1 NA
"172" 1 16.4385688813081 11.6899350470318 1.6084126560914 0 0 0 0.421790894416359
"173" 1 9.54628300362863 2.80709945012555 -1.21231847307389 1 0 1 NA
"174" 1 4.37407268906744 0.146926734957674 0.097172918757571 0 0 0 1.24157861712223
"175" 1 0.650850591372538 2.52883611788518 -0.612223888924206 0 1 0 0.292734040951753
"176" 1 2.20545235551905 0.887809502200926 0.740641875022738 1 1 0 2.01087066773954
"177" 1 1.73768318741735 20.1805561074291 -0.016582743110585 0 0 1 NA
"178" 1 44.7584510637697 9.93624392272866 -1.45721331185922 0 0 1 NA
"179" 1 1.36047115124023 1.05370299259327 -0.815573035291195 1 0 1 NA
"180" 1 4.12729225543683 7.2864134474037 -0.795494522786299 1 0 1 NA
"181" 1 16.1125902868197 12.9479158161175 -1.0462856689849 0 0 1 NA
"182" 1 5.34736175385792 8.23100397524961 -0.757638115440491 0 1 0 1.90849126171607
"183" 1 47.1114233195559 6.22768356823324 -2.44140549047992 1 0 0 0.3900427601845
"184" 1 12.6613160455698 7.27227895765661 -0.699072001476559 0 1 1 NA
"185" 1 10.4427612162909 1.34120380569518 0.920408144023514 0 1 1 NA
"186" 1 15.1903475781239 6.88493308813085 -0.616938832279852 1 0 1 NA
"187" 1 1.93735323331037 3.6932554221935 1.22315293303835 0 0 0 0.97361719976336
"188" 1 3.52572459464707 2.86504808878654 0.875296732812709 1 0 0 2.90611249021962
"189" 1 4.46623663497706 7.91208146575952 -0.00596667203311066 0 1 1 NA
"190" 1 16.3805293656498 6.81359690101018 -0.397612710678879 0 0 0 2.72798961784934
"191" 1 6.47417221510119 3.83673119658016 1.14722028560168 0 0 0 3.15609773615012
"192" 1 19.1584081934107 10.6517903363317 -0.153162194763006 0 0 1 NA
"193" 1 7.00140562209525 0.538636282973478 0.0762999899239337 0 1 1 NA
"194" 1 9.54892522857284 0.567345215851674 -0.5447392539456 1 0 1 NA
"195" 1 20.38327828047 4.0363889476466 0.512202556995263 1 0 0 0.906137484859541
"196" 1 0.417693245598705 2.54518374123291 0.645409282567016 1 1 1 NA
"197" 1 18.0678524894963 9.61374739316479 -1.10439226374988 1 0 1 NA
"198" 1 0.684514263597266 13.432067506233 -0.567217064084221 1 0 1 NA
"199" 1 10.9933596681913 3.38176986519715 0.89711352258801 1 0 0 0.75311104694328
"200" 1 7.4502608616196 1.34561736986593 1.30347785634426 1 0 1 NA
"201" 0 9.6570315715797 0.275127957724117 0.824991994926312 0 1 1 NA
"202" 0 16.0061773315669 6.92073001570249 0.731751963326254 0 0 0 0.74021715795971
"203" 0 6.68643928713113 12.9593163757974 -1.34751149667876 0 1 1 NA
"204" 0 31.1003556162898 15.2695760050154 -1.56720620122773 0 0 1 NA
"205" 0 2.29487903684482 1.90792597254141 -0.367059836675339 0 1 0 1.51543296215669
"206" 0 8.32806277913979 0.0447423915152405 1.32913376247214 1 0 0 2.95344799119467
"207" 0 13.3955336064554 2.3355585126936 0.645894577765917 0 0 0 3.6297146496712
"208" 0 1.13669375677771 15.977461734351 1.3803067003641 1 0 1 NA
"209" 0 33.3491368356046 31.9979002964054 -0.884783771274415 0 1 1 NA
"210" 0 20.1629510771245 25.6213749782554 0.0137939765059113 0 1 0 0.720235436926734
"211" 0 1.78382437746902 4.58173572669596 -1.07298824047935 1 1 1 NA
"212" 0 2.63806385535367 10.9514594931563 -0.365973804827252 0 1 1 NA
"213" 0 3.44005842227697 1.50862079901808 -0.281513609146577 0 1 1 NA
"214" 0 7.202573942906 16.4154180136857 0.784138338549579 0 0 0 2.57687925489116
"215" 0 2.40245040170901 1.91053563811192 -1.65406567409707 1 0 0 2.05111118315075
"216" 0 7.0937927754246 5.96974120844134 0.647183770098085 1 0 0 0.815790931535586
"217" 0 20.4639203583907 9.08146965732253 -1.43408204862142 0 0 1 NA
"218" 0 17.6111479875316 2.00655581348918 -1.36235311882947 1 0 1 NA
"219" 0 1.75126130903097 3.9773144901837 2.09180142111902 1 1 1 NA
"220" 0 11.2565492016113 11.9404270281431 0.121165278530748 0 1 1 NA
"221" 0 2.1626092951704 0.347950058140439 -0.803928480961763 1 1 1 NA
"222" 0 10.0477366878742 4.29887742553148 -0.838062525531013 1 1 1 NA
"223" 0 13.6309647102415 9.12361742342546 0.246201619028111 0 0 0 1.60702966812811
"224" 0 9.25090712996196 4.47783689317166 1.37264054776945 0 1 0 2.25849411953968
"225" 0 9.08898545226351 1.36234378619871 -0.680844269534037 1 0 1 NA
"226" 0 11.2530986455201 6.33427525340397 -0.258207440624262 1 0 1 NA
"227" 0 2.80288887883019 1.65626049138977 0.811930972026274 1 0 1 NA
"228" 0 13.0212283052044 0.972706179181585 -0.0776041182620599 1 0 0 0.50786279960747
"229" 0 3.98178178450846 7.4015710695199 1.44307959318712 1 0 1 NA
"230" 0 4.91895467574173 1.44246087621629 0.712181446460213 1 0 1 NA
"231" 0 2.80988589088428 0.705131321183042 0.173254267447663 1 1 0 2.16020058181547
"232" 0 6.74048495365999 2.75264776745706 -0.945815984924575 1 0 1 NA
"233" 0 1.56913773301143 5.33923942307283 2.60207874801831 0 0 1 NA
"234" 0 1.18809314561677 12.8077266678785 0.0186108924543798 0 1 1 NA
"235" 0 4.48705482297768 7.58807905621198 0.073019088839221 1 0 0 1.13520555966797
"236" 0 5.10406548936938 2.49894749352388 1.29450248167096 1 0 1 NA
"237" 0 2.54411954846638 13.1262651178382 -1.13960401824141 0 1 1 NA
"238" 0 35.0678660216882 15.7794683468612 -1.05880629643705 0 0 0 0.35550165854488
"239" 0 23.5834639091529 39.7077929262422 -0.382411647925841 0 0 1 NA
"240" 0 0.435972405353837 6.64510954076583 0.0740146838500145 0 0 1 NA
"241" 0 4.87829144639131 2.17538919285539 -0.350603578420578 1 0 1 NA
"242" 0 15.5171585220204 10.0973081583286 0.346951836351585 0 1 0 0.416683092516033
"243" 0 5.59415988353859 0.977872990714563 -0.0491172008155938 0 0 1 NA
"244" 0 19.6451506786789 4.45101094768313 -0.893862649116134 1 0 0 2.6528317821442
"245" 0 1.19187783456884 2.26309951316337 0.391572871183486 0 1 1 NA
"246" 0 9.03785391137848 11.1254344682712 -0.881728342377017 1 0 1 NA
"247" 0 4.54246943106603 1.23291146277407 0.986825985322577 1 1 1 NA
"248" 0 5.73081508238234 1.99890623142028 0.636349236262888 1 0 1 NA
"249" 0 15.5064272056873 5.4180063085677 -0.496956438960514 0 0 0 1.04611413064773
"250" 0 10.4542389470217 2.08762895217746 -0.652891251112514 1 0 1 NA
"251" 0 13.8462949110644 1.89137797983846 0.0453567782771834 0 1 0 4.68180811425621
"252" 0 5.94909093304911 7.37537949261697 -0.351916145711859 1 0 1 NA
"253" 0 5.78009625030234 17.2993810063986 0.456916957268137 0 0 0 3.58013774883281
"254" 0 0.162805327270263 5.2059812435149 1.03776184025128 0 0 1 NA
"255" 0 17.864150188812 5.71871271244097 -0.0971865578672361 0 0 1 NA
"256" 0 5.31601122176386 1.90567133188315 0.631826324506338 1 0 1 NA
"257" 0 5.99799437449531 10.6489809798585 0.810362714459731 1 0 1 NA
"258" 0 4.66237554414483 14.0880226815749 -0.578348097498483 0 0 1 NA
"259" 0 6.06332970676752 2.23822226699169 -0.668704347956305 1 1 0 3.88860811751118
"260" 0 10.8868678889618 4.63350879626124 0.363347932736653 0 0 0 1.34655455729327
"261" 0 16.4507065711762 1.28394408408192 1.31176023194209 1 0 1 NA
"262" 0 26.4132857803149 20.163981549879 -1.09248396414454 0 0 0 0.377052949604864
"263" 0 9.61400740631217 2.38734436283702 1.76163253738421 1 1 0 1.13054776742533
"264" 0 13.7976767627718 13.067547456396 0.540655586621304 0 0 1 NA
"265" 0 13.3780307966768 9.9348533532031 0.487530562595452 1 0 1 NA
"266" 0 3.53854743005458 0.215546218997189 -0.531404979256517 0 1 1 NA
"267" 0 4.5769257172695 4.51756087573348 0.97961894808291 0 0 0 1.86256863886241
"268" 0 27.0189462062993 23.2342709975019 -0.186681080148308 0 0 1 NA
"269" 0 23.6814621787104 0.766376867580727 -1.62757611370609 1 0 1 NA
"270" 0 9.71803740528053 21.247231312116 -0.184606293902688 1 0 1 NA
"271" 0 12.0700163459019 1.12671992884578 -0.0592650702308012 0 1 0 1.69513432607715
"272" 0 5.48140205643653 14.2759196988848 0.193099723905334 0 1 1 NA
"273" 0 6.1814943983948 1.22066373398537 -0.85014575088145 1 1 1 NA
"274" 0 61.0398960530588 0.00730082860947777 -0.413444971553512 0 1 1 NA
"275" 0 12.4150382105279 1.74531361146323 0.747769177088845 1 0 0 0.398103564567297
"276" 0 4.88190351448269 0.889373223888507 0.637421933004041 1 1 1 NA
"277" 0 5.83222120426627 6.48760977938047 -0.0410719357883454 0 0 0 1.31782218218481
"278" 0 13.3275896341822 9.77483128914809 -0.938933450860846 1 1 1 NA
"279" 0 9.80707603708676 3.86159069522835 -1.58027250843611 0 0 1 NA
"280" 0 4.4390396571309 5.81723587444315 1.12766340498428 1 0 1 NA
"281" 0 5.50397229314316 6.11172763845811 -1.01766496334177 1 1 0 4.23603413181126
"282" 0 1.55862940403806 0.025987145003162 2.42348836997292 1 1 1 NA
"283" 0 10.3076630323216 3.3369545739619 1.50208913542787 0 0 0 1.09971308937613
"284" 0 14.2376033076703 2.98850660721882 -0.497757966483627 0 0 0 3.97779243199299
"285" 0 10.1396517658971 7.64186316726477 0.0584814051770595 1 0 1 NA
"286" 0 0.642405729382197 1.20508836917704 1.71199154537953 1 1 1 NA
"287" 0 5.11989851204966 3.5911779406236 -1.14766209290536 1 0 1 NA
"288" 0 10.0520033475024 10.8753853219 0.240508875869967 1 0 0 0.903807569867745
"289" 0 11.8993054577382 18.9114763988129 0.234853871677519 0 0 0 3.34361007887288
"290" 0 36.2550202983577 1.18349006784647 -0.0330321450885383 0 0 0 3.12119349885932
"291" 0 21.9423491436906 6.00340043768602 -0.729588050482684 1 0 1 NA
"292" 0 3.32327487588249 1.01005205393092 0.947906412751606 1 0 1 NA
"293" 0 3.59641862154295 7.24464025141575 0.663769404130977 1 0 0 0.408405547351727
"294" 0 0.968530928949331 1.82810819464888 -0.0916339549498612 0 1 1 NA
"295" 0 9.55289332972256 7.11648301945492 0.966437608361565 0 1 1 NA
"296" 0 15.4373291651862 3.072906742229 -2.79164504012677 0 0 0 3.96417409407584
"297" 0 4.56638399676125 4.50376033190868 0.722273729668643 0 0 0 0.92564545451896
"298" 0 10.7701145831638 4.80049750400952 -1.54222117673137 0 0 0 5.21453410762153
"299" 0 20.7297146604449 4.65790590494481 -0.428925673404577 1 0 1 NA
"300" 0 23.4518806644385 3.04438197323848 -1.81440384783853 0 0 0 4.88418927107697
"301" 0 9.94014152866601 7.07974521889984 -1.15391765764032 1 0 0 4.87029888046705
"302" 0 13.5358117802648 8.42474960950014 1.53826738287498 0 0 1 NA
"303" 0 15.9040572505478 0.658544125438044 1.07359151624912 0 0 1 NA
"304" 0 4.1349886235161 4.28231221831884 -1.88411681218459 1 0 1 NA
"305" 0 1.07934422027352 5.46307049688203 0.0173158760273338 0 0 1 NA
"306" 0 11.0413705255699 13.7308184901141 -0.348286381599839 1 1 1 NA
"307" 0 1.69579088275633 11.8878167638557 -1.53087179590578 1 0 1 NA
"308" 0 17.0486025001927 10.1466072413045 -1.15015654183894 0 0 1 NA
"309" 0 10.5255472865778 0.205854797053673 0.0463190799777713 0 0 1 NA
"310" 0 2.24621550115221 1.35504287568141 0.752612683172167 1 1 1 NA
"311" 0 1.01573796358838 8.93115288358856 0.596964452820665 1 0 1 NA
"312" 0 52.7174126154581 4.49588109948883 0.316278293108235 0 0 1 NA
"313" 0 4.41859649673487 10.6375314026388 -1.34888280164283 0 0 1 NA
"314" 0 31.571107509428 9.81828643221719 -2.97718144572708 0 1 1 NA
"315" 0 3.88784049973605 24.055010570145 0.853245218758138 0 0 1 NA
"316" 0 9.23127343750763 1.47941006840452 0.307224915124494 0 0 0 4.37712028125769
"317" 0 5.46111687994168 3.04548404109907 0.305076228121397 0 0 0 2.16783723182039
"318" 0 5.48179785452493 1.28031915923018 0.951498633724821 1 0 0 0.493065848122416
"319" 0 2.85624199702445 6.44830313206863 -0.54073445967353 1 0 1 NA
"320" 0 0.132310977288601 4.5722679263639 -0.869862445144686 1 0 1 NA
"321" 0 15.3055879833123 9.92311015134805 1.84926106549445 0 0 0 1.62072427226322
"322" 0 2.39231057634034 1.55716652265331 0.0506382854824727 1 0 0 1.3128624329712
"323" 0 8.82021985986389 1.38237083734693 0.576046664085288 1 0 1 NA
"324" 0 6.65049827559027 0.49669916861215 -0.0917624653429873 1 0 1 NA
"325" 0 2.52071152276807 3.30115737368115 -1.22971491599148 1 1 0 1.68004481846897
"326" 0 0.0545527173275162 3.21073677017929 2.3858721120905 1 0 1 NA
"327" 0 27.163791646389 24.311884148726 -0.857353234834323 0 0 1 NA
"328" 0 2.68693654166129 2.36119692877642 -0.335299030424517 1 1 1 NA
"329" 0 15.1753875197097 1.72735609865536 -0.73151521707715 0 0 0 2.61249725533447
"330" 0 7.61822897864078 1.66820013307768 1.52741588492946 1 0 1 NA
"331" 0 13.5797091954361 11.3414822825401 -0.511210588857038 0 0 1 NA
"332" 0 40.2617914893337 0.0530872434103038 -1.62322168233227 0 0 1 NA
"333" 0 6.64368077264483 0.868165196346151 -0.616975291710779 0 0 1 NA
"334" 0 10.1317837691787 0.482094058592327 -0.894694476728744 1 1 0 1.51965906381494
"335" 0 9.35313001558133 8.12083287683689 -0.805947014488403 1 0 1 NA
"336" 0 8.53872285075367 10.4458718581349 -1.10037322680295 0 1 1 NA
"337" 0 13.844239842156 19.8375352013566 -1.96239011669452 0 0 1 NA
"338" 0 2.3749171719544 1.32289756685133 0.564356275227233 1 0 1 NA
"339" 0 19.7239296826246 16.5372575570972 -0.867471541683379 0 1 1 NA
"340" 0 19.1944028905535 8.70308878108377 -1.32924716381229 0 0 0 2.31262178370757
"341" 0 3.85574228178781 0.658600948922229 0.6758368706075 1 1 1 NA
"342" 0 9.23621085500704 0.86824578927299 0.239491564774731 1 1 1 NA
"343" 0 8.98916807614665 1.147848692636 -0.555068083462096 1 0 0 1.44889868356059
"344" 0 1.75519874868214 0.62561106503331 0.257697664840087 1 0 0 1.49173935184569
"345" 0 16.3588826078146 3.55039852460452 -0.987331973891145 1 0 0 3.66821335907153
"346" 0 2.43318001124605 0.258852414765527 0.471153829615344 1 1 0 0.193263771297843
"347" 0 11.9957686497516 19.5742587877492 -0.878530738457622 0 0 0 1.81755265141328
"348" 0 6.65180195788393 0.996946071015041 -0.38643504003661 1 1 1 NA
"349" 0 9.17027964804386 0.856784745124077 1.40558680581703 0 0 1 NA
"350" 0 2.16382391117688 28.5174436576494 0.894272567010562 0 0 1 NA
"351" 0 22.0511149497787 7.57944617923015 1.65844647363606 0 1 0 0.694965987404406
"352" 0 3.97306437265691 0.993503216361204 2.07940734234388 1 0 1 NA
"353" 0 24.4764782520574 4.75890148694927 -1.27745155305738 1 0 1 NA
"354" 0 4.67821055298087 5.16381990546127 0.910298772586997 0 1 1 NA
"355" 0 10.1775581884058 2.15809758121907 1.38605440743603 1 0 0 1.90832364318155
"356" 0 5.32130755414453 0.861615891006931 1.69580386790867 0 0 0 1.70129136574244
"357" 0 14.7052770108132 9.51840505986338 -1.63837110060223 0 0 0 3.63491280118569
"358" 0 3.48977787505285 0.618753474336229 0.344909495400617 1 1 1 NA
"359" 0 16.2134821177775 0.0517043642525148 -0.5835673081823 1 0 1 NA
"360" 0 11.5186385259749 11.2127238451429 0.0120249043321991 1 0 0 1.23414414363553
"361" 0 2.3963928574433 12.8968005799303 -1.64117197491446 1 0 1 NA
"362" 0 12.0177071430463 10.3348119292781 -1.42367609640347 0 1 0 1.4401694692671
"363" 0 11.8209197713234 13.0229485007572 -0.331940844769706 0 1 1 NA
"364" 0 8.53321811081325 1.78575429895373 1.10646149099074 0 0 1 NA
"365" 0 2.68175286828825 0.861649446451469 1.56168749959469 1 0 0 1.14220497181013
"366" 0 15.5727287710064 6.71603699167478 1.00403756724756 0 0 1 NA
"367" 0 2.0172307445886 4.6060139561101 0.487765460351026 1 0 1 NA
"368" 0 5.16135615569398 2.21824991064581 2.90322068260778 0 0 1 NA
"369" 0 19.1637908120252 1.72255663058962 1.39009579941154 0 1 0 2.11987964715773
"370" 0 2.99459764043614 1.89800486665629 1.40090185915143 1 0 0 0.702352908623486
"371" 0 8.0420673776281 2.64930489489298 -1.55201392726637 1 0 1 NA
"372" 0 35.3904390290275 3.51925435953604 -0.181185002946489 0 1 1 NA
"373" 0 3.99537943775644 15.6707655142578 -1.41533792926169 0 0 1 NA
"374" 0 24.024374337151 6.77105605191533 -1.01847649320191 0 1 1 NA
"375" 0 1.86526263964031 3.49519279057828 -0.655179020304336 0 1 1 NA
"376" 0 1.18950597082183 1.21925538818542 0.702844850720644 1 0 1 NA
"377" 0 17.6485148065559 0.0525664113601923 -0.105429696520382 1 0 1 NA
"378" 0 10.0690893924798 1.89654210851236 1.22072694505803 0 1 0 1.094499016465
"379" 0 9.67580416766773 10.1876589434728 -0.114592086340058 0 1 1 NA
"380" 0 10.0813197139197 0.52010721646477 -1.64195695279786 0 1 0 5.16740810564837
"381" 0 32.6380969366473 2.98713606451537 -1.43591374107887 0 0 0 0.333262700809578
"382" 0 8.14857752446207 4.01842170579921 1.3293167642623 0 0 0 3.40629922869061
"383" 0 15.518540990543 20.6028489819391 0.111258181680979 0 0 0 2.28223261075125
"384" 0 2.15363558635283 33.3339555622992 -0.236242766965308 0 0 1 NA
"385" 0 3.72026916985799 10.3211361666369 -1.4802587484016 1 0 1 NA
"386" 0 8.76202861276441 13.9618829475315 -2.53609589351728 0 1 1 NA
"387" 0 13.3792517013466 4.25632087629623 0.729909370029183 1 0 0 2.67769087799735
"388" 0 2.43537049890675 12.929429847819 1.29732398753887 1 1 1 NA
"389" 0 3.40215837214156 0.619817594371364 -0.642681747263653 1 0 1 NA
