"Z" "Y1" "Y0" "x1" "x2" "x3" "ID" "D"
"1" 1 17.1311721455848 0.932014332254766 -0.606304067188492 0 1 1 NA
"2" 1 4.76572837950311 11.4400449320193 -3.26697389453811 0 1 1 NA
"3" 1 4.74555280926027 0.341693688964012 2.98225583351034 0 1 0 0.284485512415786
"4" 1 7.54790073504117 3.34746685099044 -0.429819084393152 0 0 1 NA
"5" 1 20.4630583989141 8.68620079281484 -0.263688960376786 0 0 0 4.54176060941565
"6" 1 10.4800416273967 3.07593581320968 -0.755003553163234 0 1 1 NA
"7" 1 12.8098881661066 17.2125364405746 1.35123957029814 0 0 1 NA
"8" 1 5.72825300532574 6.30024751682951 0.0622435193176199 0 0 0 1.53246389856832
"9" 1 10.3795958412595 20.3572556863003 -0.238328760753611 1 0 1 NA
"10" 1 2.17619669407753 3.59588073916358 1.06760804436078 1 0 1 NA
"11" 1 5.38989278217883 3.55743152852468 -0.0727730289824859 1 1 1 NA
"12" 1 6.27424177228297 24.0359837593067 -1.07277808022837 0 1 1 NA
"13" 1 9.09260707883101 8.87941156479871 -0.591421836005668 1 0 0 4.55972489976845
"14" 1 1.25637680640984 5.90127791328741 -0.715305954331199 1 0 1 NA
"15" 1 1.37026652089376 0.964565666367762 -0.814150209246663 1 1 1 NA
"16" 1 15.3088170929733 6.42309261611312 0.443550201722563 1 0 1 NA
"17" 1 0.222546086667227 18.3289433957039 0.122019042100494 1 1 0 0.194388288074709
"18" 1 15.7804749360294 12.9507692504812 0.598966182727743 0 0 1 NA
"19" 1 5.3111863047315 9.18613645141447 0.830254838028861 1 0 1 NA
"20" 1 1.87402181409541 3.45055333011675 1.07564654482772 0 1 1 NA
"21" 1 0.546161293343326 11.216136495864 -0.305676614889122 0 0 1 NA
"22" 1 32.4295650151447 17.2443595069679 -2.03870327242536 0 0 0 6.58936550310854
"23" 1 27.5367322998369 3.900508155639 -1.2308279714764 0 0 0 3.51467921783241
"24" 1 1.33303049802946 2.84106393782484 0.298437484938453 0 1 1 NA
"25" 1 21.317741711378 5.452207125615 0.740602966666739 0 0 1 NA
"26" 1 2.88487556780327 7.00143567810965 0.919980491009118 1 1 1 NA
"27" 1 3.72141193597145 5.77314802044854 0.0793755716816701 1 0 1 NA
"28" 1 1.54851204929344 4.49371474013072 -0.912698793266466 1 0 1 NA
"29" 1 3.42344984574369 0.642865018454727 -0.419365526027269 1 0 1 NA
"30" 1 16.7636143386311 34.3045205120785 -0.953618060130683 0 0 0 1.79032260510095
"31" 1 2.55184728447167 2.45728528770656 0.0739294167872789 1 0 0 0.185310738852163
"32" 1 5.30081501246459 7.69483118632185 0.264088872696492 0 1 1 NA
"33" 1 2.98616462790713 5.73346226821113 0.720321655559666 0 0 0 2.79397247157505
"34" 1 0.646589704675079 5.47445330003812 0.287568835673049 1 0 1 NA
"35" 1 0.787849964268185 6.61839036588099 0.647035898473701 1 1 1 NA
"36" 1 0.370040033923368 15.6949975825428 -0.787449859230854 0 0 1 NA
"37" 1 1.85695628477876 1.95032724152979 0.458712540304022 0 0 0 1.42084923080465
"38" 1 2.56026589430349 1.58126407545701 -0.658625438215753 1 1 1 NA
"39" 1 0.808987813353423 1.26827235436639 -0.373513181660517 1 0 1 NA
"40" 1 9.11016253810612 3.13698697770223 -0.036517438101849 1 1 1 NA
"41" 1 26.8608160982 7.56374489687746 0.650391977745338 0 0 0 1.7844680651869
"42" 1 7.32862129323991 1.03599893861304 -0.703276648400174 1 1 1 NA
"43" 1 1.77322755062347 43.98495983053 0.0126929417035246 0 0 0 1.66182507332791
"44" 1 1.95991300886416 2.63056800674429 -0.39222496874628 0 1 1 NA
"45" 1 4.34260953644188 5.24154944089834 -0.512626929213605 0 1 1 NA
"46" 1 5.66545216743795 5.72839267496816 2.17230050179229 0 0 0 1.71060484889523
"47" 1 4.09007228987216 6.24155732044418 0.30614244371101 1 0 1 NA
"48" 1 22.6026266738725 9.35360360366982 0.574676464120906 0 0 0 1.81394134518217
"49" 1 14.1665656669146 0.787273603024401 -0.0549710780632231 1 0 1 NA
"50" 1 13.2214725829626 14.7246153782889 -0.688137220282101 1 0 1 NA
"51" 1 2.22108296618291 24.6577959939677 1.52755670980892 0 0 1 NA
"52" 1 9.98721958345621 15.1738086756451 -1.0374776035579 0 0 0 7.27922891960129
"53" 1 8.87542500201063 7.70648804013582 0.122158767776664 0 1 0 3.05689678977884
"54" 1 14.8825312535243 6.95418168485397 1.12527308232946 1 0 1 NA
"55" 1 4.29170914860572 20.6670313175478 1.18293443986874 0 0 0 0.804224145500683
"56" 1 11.1205169405758 1.05604283730811 0.351785683846592 1 0 1 NA
"57" 1 0.523268611348909 9.87059864880186 -1.63037677081997 0 1 1 NA
"58" 1 11.8365118920692 2.82545063523805 -0.934412631505881 0 0 1 NA
"59" 1 8.52248722656402 2.23447873557406 0.567876238164917 1 1 1 NA
"60" 1 0.956503316810384 1.59406540975078 0.447237211668431 0 1 1 NA
"61" 1 2.59907150279133 2.7932357648179 1.56184210841936 1 1 1 NA
"62" 1 1.56793547051652 3.94685022347775 0.396279859146507 1 0 1 NA
"63" 1 9.20418411791591 9.54971880575363 -0.279976765669822 1 0 1 NA
"64" 1 5.33076838798076 9.75306196170947 -1.95127060834787 0 0 0 3.60621938701298
"65" 1 3.79481794919372 5.09846979826665 1.32102400591584 0 0 0 1.53597945403422
"66" 1 4.96693717032021 0.94558469918896 1.53302119606283 1 1 1 NA
"67" 1 10.7234202149622 0.419260322218738 0.762561484401763 1 1 1 NA
"68" 1 4.88362758753963 5.93376124710814 0.0551637644407684 0 1 1 NA
"69" 1 1.88608526058305 1.06669997266223 -0.681308873040099 0 1 1 NA
"70" 1 15.2929880553697 3.48898294701232 0.182278883570313 1 0 1 NA
"71" 1 6.2656427999388 7.76351466920422 -0.0871737767472677 1 0 1 NA
"72" 1 4.44665069838766 1.43820672234137 -0.234006177109653 0 1 0 0.195148070613333
"73" 1 7.17485124510404 15.6430795867705 1.84335797060038 0 0 1 NA
"74" 1 6.89959602178669 3.86709552136983 0.0571622758026082 1 1 1 NA
"75" 1 21.7998871442872 5.53363336861756 0.287849510011183 0 1 0 2.72671740750216
"76" 1 2.9387005774791 7.71654043490082 -0.711539090421947 0 0 1 NA
"77" 1 6.73521529050367 3.30544782077933 0.809065112627069 1 1 0 1.19456099266172
"78" 1 17.9111532622313 3.20468530593791 -0.501788287308639 1 0 1 NA
"79" 1 4.4267922478801 9.0203576253038 -0.87633928641904 0 0 1 NA
"80" 1 1.35243253334686 7.33539517215942 0.10089306074391 1 1 1 NA
"81" 1 4.84973021240495 0.435467330664975 0.404956939979994 1 0 1 NA
"82" 1 4.9118895085857 3.20411671506296 0.207411033445084 0 1 1 NA
"83" 1 7.92904995877144 4.22442719168515 0.668384428396853 1 0 1 NA
"84" 1 8.11449519268133 8.15137646467606 0.395332778414507 1 0 0 0.62754504937465
"85" 1 13.8884887234109 13.8913733014387 -1.47069584596314 1 0 1 NA
"86" 1 38.6392836603249 4.38430753116301 -0.921889733737175 0 0 1 NA
"87" 1 4.95762864341017 0.0429291758017542 -0.758042919424744 1 0 1 NA
"88" 1 8.118549747775 6.26729873893941 0.0219971550974139 1 0 0 3.68434850663006
"89" 1 58.2578499722502 18.7258221300492 -1.89694185646654 0 0 1 NA
"90" 1 11.7730066374107 15.8451130708589 -0.993485171964292 0 0 1 NA
"91" 1 1.31292319143944 5.18439518890945 0.754091734169696 0 0 0 0.799954394528808
"92" 1 4.75157082684469 8.80949207480536 2.55388667173129 0 0 0 2.54804496993138
"93" 1 23.3516771597988 0.264265310939928 0.527696393723598 1 0 1 NA
"94" 1 5.92225185278158 14.5240088401227 1.10266109729957 0 0 1 NA
"95" 1 11.6006802917945 4.8520864067871 0.682471464149818 0 1 1 NA
"96" 1 2.97812346461832 1.5025106157385 0.351146842976574 0 0 0 1.15243221604541
"97" 1 10.6235106440948 3.49897933829066 1.32667160826025 0 0 1 NA
"98" 1 6.61394073462829 3.03507347046385 3.44172828641584 0 0 0 1.86400013867558
"99" 1 8.57874634319169 1.3865470048844 1.0382283879389 1 0 1 NA
"100" 1 4.41886448206594 0.432482222644984 -0.414405642751123 1 1 1 NA
"101" 1 13.8696639677151 9.77347070416735 0.0931675136007842 0 0 0 1.99553313340838
"102" 1 35.4527901777118 14.359179036432 -1.33491247791294 0 0 0 4.66380367055695
"103" 1 19.9722964742791 17.602871659694 0.196556285282866 0 0 1 NA
"104" 1 14.0907965605324 12.7705116709529 -0.645203709972391 0 0 1 NA
"105" 1 8.97210049806552 5.19770003124436 0.040067544691182 1 0 1 NA
"106" 1 2.54010401631871 5.39292811445047 -0.24283763822701 0 1 1 NA
"107" 1 2.07192748740711 15.6947749347281 -0.836313762148564 1 0 1 NA
"108" 1 10.34347656515 9.46263751770663 1.20228422044158 0 0 0 2.31903686625927
"109" 1 8.20646904552501 8.12636806176406 -0.208971153021473 0 0 1 NA
"110" 1 1.68424616509862 3.99825068205642 0.0938405885673269 1 1 1 NA
"111" 1 10.3454595198773 5.18246061247487 0.927696199738549 1 1 0 0.600068801000659
"112" 1 14.4689146396915 12.1721580698976 -0.230390738624405 0 0 1 NA
"113" 1 22.4612082017204 12.9064395714612 -1.89023122458451 0 0 0 4.66405575449988
"114" 1 5.12489229756354 0.853991101140035 -1.15933294791328 1 0 1 NA
"115" 1 21.6274377922 0.0999349783333285 -0.0274930676143919 0 0 1 NA
"116" 1 1.26826662565874 2.06558450570888 1.08646068829079 1 0 0 0.905619289163069
"117" 1 6.13623212127551 9.47982724025333 -1.09960309861645 1 0 1 NA
"118" 1 10.1754232143785 5.53968382486651 0.768169396964575 0 1 0 0.453473090852722
"119" 1 4.78062976181283 2.26284006658564 0.084270327119105 0 0 0 0.493535121793356
"120" 1 5.65679185811597 10.0912087374505 -0.52632424469703 1 0 0 0.905797435790731
"121" 1 0.783218387604849 1.50003553073119 1.17241481934517 1 1 1 NA
"122" 1 5.44812882504052 14.7157332029876 0.0864399868680312 1 0 0 1.7986820450861
"123" 1 19.8131880489235 4.15696639506965 -1.05606053417178 0 1 1 NA
"124" 1 19.2040075005926 18.6815361234381 0.41816549323029 0 0 1 NA
"125" 1 0.369314647552811 0.271398768405058 -0.0651084722291804 1 0 1 NA
"126" 1 5.34296130351929 4.80438233042641 -0.36631200477836 0 0 0 1.90522953662159
"127" 1 30.2381697198409 8.10833713382562 -0.880641637414005 0 0 1 NA
"128" 1 1.63824182659942 16.6510444238803 -1.22754677054366 0 0 1 NA
"129" 1 0.24655102578518 1.77371481739456 1.72379394366252 1 1 1 NA
"130" 1 3.57909194069161 4.9626595315135 0.894889559862411 1 0 1 NA
"131" 1 15.2144503518625 3.94801025645868 -0.955578828979753 1 1 1 NA
"132" 1 2.03305988350727 1.97089689019325 0.948400076868246 1 1 1 NA
"133" 1 16.4522537541757 6.72914710975906 0.22026148307107 0 1 0 2.9534646739232
"134" 1 18.9113417623815 3.31921702102792 1.49385084150615 1 1 0 0.280500379760002
"135" 1 9.63264321836173 1.08574361186887 0.172619534624769 1 1 1 NA
"136" 1 4.8371802161388 6.73133855663932 -0.595468608913806 1 1 1 NA
"137" 1 5.99386338193665 10.2122560299832 1.02709963954017 1 1 0 1.19061565181443
"138" 1 20.1746228222325 4.51197216316764 -0.781978426621877 1 0 1 NA
"139" 1 6.13325222614499 20.0569827743962 -0.634088165604218 0 1 0 0.796216002913815
"140" 1 13.6526754999159 4.99277540523497 -0.0375474791358734 0 0 0 3.4713456325536
"141" 1 9.37955366353167 1.85285299317596 -1.69888891988889 0 0 0 1.2196969949614
"142" 1 3.18031487943392 8.36993517336265 -1.75731340531073 0 0 1 NA
"143" 1 4.17298402005652 2.86122680644459 -2.16190737615089 1 1 1 NA
"144" 1 2.64564440007965 28.1538947053051 0.427622128053204 0 0 0 1.54647376036512
"145" 1 11.0637057092148 0.296642347388766 -0.919875491777477 0 0 1 NA
"146" 1 12.4491012177575 18.184854221098 0.25988554720634 0 0 0 3.31127921626466
"147" 1 5.00073328560215 18.7483271653412 -0.880097283723118 0 0 1 NA
"148" 1 31.9747956903984 7.22360383646431 -1.15571311251579 0 0 1 NA
"149" 1 13.6216955597645 0.796113020846517 0.500277146875664 1 0 1 NA
"150" 1 9.43317137533352 17.8267416151677 0.816647476721508 1 0 1 NA
"151" 1 3.70841189957791 3.61497392979176 0.649645302366118 0 0 1 NA
"152" 1 3.2774385339773 3.00379192379904 0.857214946799274 0 1 0 1.26065406480733
"153" 1 15.3389280466664 4.44074393745967 -0.550542039945574 0 1 0 3.09315577319207
"154" 1 12.0956024479157 5.25011104311209 -1.25228902660915 1 0 1 NA
"155" 1 2.17073438190259 2.42527298436563 0.743216287117298 1 1 0 0.424985614283622
"156" 1 11.4686074568976 1.57411666785245 0.732725078496959 0 0 1 NA
"157" 1 5.59712716062782 7.3752114978141 -0.010923014897888 1 1 1 NA
"158" 1 4.94172502810974 17.185831003519 0.126109386670481 1 0 1 NA
"159" 1 27.3731133529993 8.82601249260994 -1.94270357136733 0 0 1 NA
"160" 1 6.76297852533581 0.692038222932873 1.12356848228678 1 0 1 NA
"161" 1 7.38793093002611 10.5422532973984 -1.4298816464171 0 0 0 2.21103892756359
"162" 1 11.8261980732861 0.680278353164247 0.799131018030299 0 0 1 NA
"163" 1 0.655211658839706 13.8776023680891 -1.63597304319096 1 0 1 NA
"164" 1 36.9488213072409 44.071204354801 -2.07983350874152 0 0 1 NA
"165" 1 5.3846580485296 9.19916704675 -0.446843419517102 1 1 0 4.59796312375274
"166" 1 12.9839309531962 0.896134309355043 1.49840546780034 0 1 1 NA
"167" 1 40.1611072248953 11.9216316052577 -1.64345495683399 0 0 1 NA
"168" 1 7.47141612520088 15.3002079165888 0.52820598417965 0 0 0 5.69771688588676
"169" 1 21.626693253518 14.8695567098056 -2.07481899242394 0 0 1 NA
"170" 1 7.3816339769934 0.771936644484273 -0.53275470686118 0 1 1 NA
"171" 1 1.64896228096789 2.82522930258407 1.83807571707497 0 0 1 NA
"172" 1 5.197308753109 3.11522478749154 -0.143046645008753 1 0 1 NA
"173" 1 6.9888548316527 9.08226977299196 -0.647474242697575 0 0 0 2.70268382875742
"174" 1 22.0569701017548 3.88177600654179 0.691238392625226 0 0 0 3.02267518908828
"175" 1 12.9118644179939 30.7200495069641 -0.838102424490746 0 0 1 NA
"176" 1 11.7847812638187 20.0180530233235 0.172994268783468 0 0 1 NA
"177" 1 21.5198595220483 11.1550824066705 0.619448498247393 0 1 1 NA
"178" 1 0.86841023390375 15.3078567211206 0.0666654572685268 1 0 1 NA
"179" 1 18.9308880942782 10.7673604262642 0.752536931730401 0 0 1 NA
"180" 1 5.11953570439198 1.89712492532801 0.0323548277733323 1 0 1 NA
"181" 1 4.5161755088408 0.133885348857643 -0.0927888235080391 1 1 1 NA
"182" 1 21.6487916036271 4.31738301950753 -0.156765670442334 0 0 1 NA
"183" 1 12.9011902749723 3.41005200032738 0.326245435322112 0 0 1 NA
"184" 1 15.3023535288663 5.17226232197897 -1.20006037562088 0 0 0 2.63257089349115
"185" 1 3.35853398650855 1.04074606660815 0.5113299396557 1 1 1 NA
"186" 1 8.94088610375308 9.17464648082733 0.402418861689488 1 0 1 NA
"187" 1 0.819895781240389 2.17233478426412 0.174061928631433 1 1 1 NA
"188" 1 8.92054187804784 15.8587564567847 0.482250029486066 0 1 1 NA
"189" 1 5.72279247181992 1.87978101009754 0.0178420898078605 1 0 1 NA
"190" 1 9.35749830756126 4.84090891380035 1.3099579854351 1 0 1 NA
"191" 1 22.0237886404525 18.1537826615757 1.01748934763892 0 0 0 0.961269192482153
"192" 1 3.04499684732709 4.79636429238932 0.446942570018585 1 0 0 1.20283250329408
"193" 1 10.5941781463604 5.49199476387852 -0.0670304016187474 1 0 1 NA
"194" 1 4.35498411847186 8.23943072188565 0.153128651636115 0 0 1 NA
"195" 1 14.2901350159116 2.09605571306742 -0.349447450404136 0 1 1 NA
"196" 1 9.78210110410466 3.62691193824954 0.833425360087824 1 0 1 NA
"197" 1 20.5772746584641 2.7020367840117 1.43082443031548 0 0 1 NA
"198" 1 19.9629473902924 0.27459000227414 1.09653922387384 1 0 1 NA
"199" 1 6.77726758597535 2.46902298617707 0.101578521706763 1 0 1 NA
"200" 1 4.08862865303723 23.0961414763654 -0.321723092481528 0 1 1 NA
"201" 0 2.54424744859365 8.33880309239669 0.166184566551761 0 0 1 NA
"202" 0 11.554609729887 1.55786154454068 -1.2112354132261 1 1 1 NA
"203" 0 6.43645581779953 11.8300404506651 1.20417439066787 0 0 0 2.01028992052064
"204" 0 7.2634813624326 2.29416169819816 0.0652259864366194 0 1 1 NA
"205" 0 31.3903890668648 14.4354030864215 -0.159931248209183 0 0 1 NA
"206" 0 8.32967945873236 3.96315544847051 0.976734838645144 0 0 0 3.54827824321193
"207" 0 1.11063331542204 1.18149022593493 1.57368055440747 0 1 1 NA
"208" 0 39.3553020802988 22.0653092822227 -0.0851017583916844 0 0 1 NA
"209" 0 7.55364840684745 6.96925549428472 0.0992706387299325 0 1 1 NA
"210" 0 4.80580727502221 1.02654780198671 -1.08123912901301 1 1 1 NA
"211" 0 14.8991830509003 8.4803563590971 0.0846935556444759 1 0 1 NA
"212" 0 7.26534150201594 8.31302487461895 0.0354472679619419 1 0 1 NA
"213" 0 8.17671969488385 2.36426777018945 1.84592420687402 1 0 0 0.837190603876206
"214" 0 4.04807816308214 3.96369014476577 -0.447442411182583 1 1 0 3.87051218111454
"215" 0 1.7739778704276 2.05059603939762 1.36042928582971 1 1 1 NA
"216" 0 4.42945053846173 30.6203394672284 -0.3411158378614 0 0 1 NA
"217" 0 37.0144770157438 10.9411327033443 -1.18025504036306 0 0 1 NA
"218" 0 17.6773841860125 7.33918949635885 -1.05700979765213 0 0 1 NA
"219" 0 2.51154444992178 1.60969369363734 0.0852342803403483 1 1 1 NA
"220" 0 8.11103854192954 4.49729969779194 -0.381284877686711 1 0 0 1.67941945422846
"221" 0 11.4944135687731 16.5580166325829 0.383168533383898 0 1 1 NA
"222" 0 7.88306924791886 8.01167611415598 0.825852655346293 0 0 0 1.60132683400131
"223" 0 8.47294090954005 1.03791405120333 -0.318798544201025 1 0 1 NA
"224" 0 7.20935727135515 0.839895407420053 -1.70361445536613 0 0 1 NA
"225" 0 22.114537401728 42.8729584680833 -1.02374339163579 0 0 1 NA
"226" 0 20.9113926724144 16.792896704893 -0.620155102071788 1 0 1 NA
"227" 0 0.0697865801291417 2.379844599076 -0.0907966697904248 1 1 1 NA
"228" 0 3.43903170681335 4.19068349416076 0.272906335747053 0 0 1 NA
"229" 0 2.36239808319353 1.44196128533004 -0.269102789900881 1 0 1 NA
"230" 0 29.1556895325384 33.5533532774041 -0.445477969402202 0 0 0 1.25808285994338
"231" 0 4.76454065204539 2.9641453411071 1.01552473239885 1 0 0 0.558752816585081
"232" 0 2.98202208709425 0.212938591943242 -0.185312029112191 1 1 1 NA
"233" 0 4.54950767818341 4.72699278327681 -0.384465160533467 1 1 0 4.36604159761328
"234" 0 2.18640069309269 27.1787769425698 0.658361849965535 0 0 1 NA
"235" 0 2.33202320656418 2.92096461243206 0.179989631846808 1 1 1 NA
"236" 0 17.2493621741399 0.131225461805181 -0.376734085847601 0 1 1 NA
"237" 0 3.71543719662831 2.54583580216421 1.25466490581475 1 1 1 NA
"238" 0 13.8136260238283 0.493723452563408 -0.192489460770865 0 1 1 NA
"239" 0 11.5010714851125 0.125744697914393 0.525257885857222 1 0 1 NA
"240" 0 25.3351477497522 1.09549336021376 -0.203544442465179 1 0 1 NA
"241" 0 8.60185847478692 2.64888358113571 -0.228096334565613 1 1 1 NA
"242" 0 1.64989117508036 12.6968096490498 -0.62259945604032 0 1 1 NA
"243" 0 17.8970128027757 7.29714666195547 -0.938642562305546 1 0 1 NA
"244" 0 14.9460351238863 5.37997674251538 1.29481149213611 0 1 1 NA
"245" 0 15.4088215387617 3.69326983873658 -1.21681974316779 0 1 1 NA
"246" 0 0.370908742493509 1.68251846474857 0.860806969576597 1 0 1 NA
"247" 0 1.95063024144151 0.254626863803737 -0.991631729125462 1 0 1 NA
"248" 0 2.54384569504222 3.99775342090849 1.39986505862786 1 1 0 1.67465926234799
"249" 0 10.9251174885694 5.61938460930901 0.678378525696805 1 0 1 NA
"250" 0 6.28846399419811 2.08300381752431 -0.697960724744491 0 1 1 NA
"251" 0 19.112114314452 5.53662615368274 -0.3478658059184 1 1 1 NA
"252" 0 15.348872684665 20.4420005808438 -1.44361212030479 0 1 1 NA
"253" 0 16.6108539731456 6.04146917502755 1.18228202719176 0 0 1 NA
"254" 0 1.97123300814313 2.54601942173986 -0.625488968310447 1 1 1 NA
"255" 0 7.2890398237095 3.69249409636601 1.7046301327561 1 0 1 NA
"256" 0 8.93484912666744 8.93529072511332 1.68563593120484 0 1 1 NA
"257" 0 5.95470714473333 1.63629162782121 -1.49582539402357 1 1 1 NA
"258" 0 10.788681381556 3.13972091051463 0.137966780744553 1 0 0 1.30096272527204
"259" 0 1.46077075461662 3.15048336499698 0.629500969965593 1 0 1 NA
"260" 0 7.27985702449331 7.2730870754738 -0.138401251013517 1 0 0 3.55850248778029
"261" 0 7.5880448067655 20.1162502894169 -1.8675827766457 0 0 0 2.67305105133409
"262" 0 11.7652682375296 16.0156151926274 -0.529189967360661 1 0 0 4.25144390237944
"263" 0 12.1041578285994 11.746626641471 0.446755025323403 0 0 0 2.00629263409679
"264" 0 2.49496279991128 4.11060847389704 -0.184934725733876 1 0 0 2.12836920124296
"265" 0 7.31687551966218 42.0611292572551 0.970243652903836 0 0 0 1.39078316876534
"266" 0 0.851025167088272 7.55320910972698 -1.72334204685955 1 1 1 NA
"267" 0 4.50823676553781 54.5301082881463 -0.323829639442145 0 0 1 NA
"268" 0 14.4354097354457 2.55886366462144 -0.365021920021793 0 0 1 NA
"269" 0 5.23552641183149 1.91221700390469 -0.0860421640866378 1 0 1 NA
"270" 0 10.2061947988517 12.071156845817 -0.720835656186027 0 0 0 2.97074979436902
"271" 0 5.85471166817992 0.644363339271841 -1.12235497166064 1 0 1 NA
"272" 0 20.896110902468 18.1218410428691 -1.22211294439284 0 0 1 NA
"273" 0 3.93387008863832 0.650665849797133 -1.55215055685493 1 1 1 NA
"274" 0 5.99474325064637 38.0073335997397 -0.419459537885111 1 0 0 0.989698715441392
"275" 0 23.013457482239 3.1304554691731 -1.38754171172439 1 0 1 NA
"276" 0 5.69674935395077 14.0014458416242 0.542236682118418 0 0 1 NA
"277" 0 16.7161101119609 6.1412729707834 0.922245094870233 0 0 1 NA
"278" 0 0.207800078799531 1.35699927831249 0.916416447313779 1 1 1 NA
"279" 0 7.88936952262543 12.8732613396868 0.638663271908 0 0 0 4.10696868400258
"280" 0 4.16458275308379 8.01780212369979 -0.33089894224024 1 0 1 NA
"281" 0 4.41328737457784 7.55337127426376 -0.0426467084763595 0 0 0 2.60644484558874
"282" 0 15.5278173495572 6.55600864832555 1.28054152123278 0 0 0 3.17799365795012
"283" 0 23.9468605573319 35.7391766997064 -1.76884124901373 0 0 1 NA
"284" 0 0.965040476302835 2.42525011793337 1.02621331289273 0 1 1 NA
"285" 0 6.6306794866259 3.27575410665309 0.269301701489683 0 0 0 3.23182330411142
"286" 0 6.19857024291074 4.68351702822888 -1.58992357688281 0 0 1 NA
"287" 0 8.21264846529453 16.312173170436 0.396913706009764 0 0 0 1.16014133013548
"288" 0 4.12287843592855 6.80774947582415 0.552794349624976 0 0 1 NA
"289" 0 6.65847621302887 1.260440738082 0.239583386867578 1 0 1 NA
"290" 0 2.3937989994196 7.77865254303636 -0.822896721948091 0 0 1 NA
"291" 0 13.1233983820191 20.1495137486303 -0.117748952796889 0 0 1 NA
"292" 0 20.49818667735 7.25451130157961 -1.45519650262423 1 0 1 NA
"293" 0 0.807032932075602 3.32693437187405 -1.11527926000949 0 1 1 NA
"294" 0 2.12656909441257 35.0078585195608 -0.734703664317322 0 0 1 NA
"295" 0 8.49242386595982 3.44179191008901 0.490603734133038 0 0 1 NA
"296" 0 6.25446359962112 29.6978217598578 -0.204161494444912 0 0 1 NA
"297" 0 2.03791176614754 3.66756957202227 1.19004450371734 1 0 1 NA
"298" 0 13.3576326034635 3.46973917669654 -0.714665070225542 0 0 1 NA
"299" 0 6.09756281827732 2.03569674471959 -0.223035775443439 0 1 1 NA
"300" 0 12.7144743548957 7.51950253390799 -0.772395955467851 1 0 0 2.77889884678703
"301" 0 15.6948705763994 6.802594527376 0.859608383260416 1 0 0 3.27130790585856
"302" 0 32.0103409841535 34.4593283390866 -0.819923972643292 0 0 1 NA
"303" 0 12.9390149120382 3.534428112541 -0.37935039039783 1 1 1 NA
"304" 0 2.1275780665961 1.43073014154935 0.456915551553334 0 0 1 NA
"305" 0 1.26852967717673 5.45585770536966 2.0748353815992 1 0 0 0.714820288370249
"306" 0 15.4570653597776 6.41054384225596 1.49918143087734 1 0 1 NA
"307" 0 9.26587092899283 2.53986072808347 -1.19702686270466 0 1 1 NA
"308" 0 20.597957304331 8.3953097729503 -1.50513542500013 0 1 0 2.72217136596373
"309" 0 3.01962571801025 3.80469187768574 -0.304519100007981 1 1 1 NA
"310" 0 27.8767181691019 3.76219960202963 0.355115424299944 1 0 0 1.76104423169411
"311" 0 4.74578008444867 6.94890721118177 -0.190995606229405 0 1 0 1.86839718168569
"312" 0 7.84360730144891 15.0483425596784 1.80936635449025 0 0 0 3.02440747659776
"313" 0 4.35079502253674 4.70258476174441 1.77160726559958 1 0 1 NA
"314" 0 9.19641244991478 2.24106330542851 0.898972517742043 1 0 1 NA
"315" 0 11.5233230849326 6.55502393217558 -0.950574626013383 0 1 0 2.33858954651539
"316" 0 4.4966322226122 5.42917497742946 -0.313496680948687 1 0 0 2.75447018995578
"317" 0 17.0550577531805 5.71907155972581 -0.456587380814754 0 0 1 NA
"318" 0 6.10687589350427 12.9460782980821 0.468401249979768 1 0 1 NA
"319" 0 12.8124312566852 5.05703630125671 -0.397943006290805 0 0 1 NA
"320" 0 10.280827662596 10.9272762824297 1.32545976539334 1 0 1 NA
"321" 0 4.69982544030589 7.51623525684446 1.12170386377675 0 1 0 1.20795693129808
"322" 0 15.3709870376865 5.59975747028813 0.719575206150183 0 0 1 NA
"323" 0 9.37154059578292 1.10954588655104 -1.27807602524164 1 1 1 NA
"324" 0 8.79083944220702 8.64036992064981 1.01631804651958 1 0 0 2.4234609552451
"325" 0 6.57260169436005 4.54533212614587 0.0586844596836891 1 0 0 2.92437577305259
"326" 0 9.20564376125729 6.2277987993536 -1.11844313779627 1 1 1 NA
"327" 0 3.863550396798 7.31579490507113 0.0926868641641235 0 0 0 3.45257363372167
"328" 0 4.03398000153363 16.3421793545493 -0.294744805348454 0 0 1 NA
"329" 0 5.71935735030738 1.58157588034029 1.13521067544326 1 0 0 0.63214530293095
"330" 0 3.33899362914882 1.87442117423846 1.40420131972557 1 1 1 NA
"331" 0 16.1663838087136 11.3891442318136 0.162478007698618 1 0 0 2.24334785230325
"332" 0 5.22005559203597 0.588149472856717 -0.614533802144259 1 1 1 NA
"333" 0 2.73604162953082 1.72352662906998 1.67723661435409 0 0 0 1.6514441626961
"334" 0 2.49272511945553 8.09862646549343 -1.35510999548007 1 0 1 NA
"335" 0 6.65404615754791 0.0663760459005027 0.395914732193538 1 1 1 NA
"336" 0 1.63856488196993 0.918094618740369 2.34461935717426 0 0 1 NA
"337" 0 10.4541171881466 0.603750643223394 -0.759834027018791 1 0 1 NA
"338" 0 14.5750036309864 9.48405755318153 -0.206163506672886 1 0 1 NA
"339" 0 2.64148828858442 19.3282609213537 -1.61156618470324 1 0 1 NA
"340" 0 6.92120822414734 7.444025607595 0.999459015051665 0 1 1 NA
"341" 0 17.5618758610618 4.21094804496612 0.310202187968684 0 1 1 NA
"342" 0 11.8327052122795 24.8270811159079 0.591517852382635 0 0 0 2.99182754917866
"343" 0 5.53634867140383 8.34608963569808 -0.0520479126084835 1 0 0 2.03727329878038
"344" 0 25.65538399566 4.95024973414977 0.471978960917448 1 0 1 NA
"345" 0 8.25412112307527 6.80564053266041 1.03920232701224 1 1 0 0.844460367307474
"346" 0 3.05358387804656 9.1621557663653 1.17886044918815 0 0 1 NA
"347" 0 10.7430064257347 16.889077155522 0.437338567556002 0 0 1 NA
"348" 0 18.7332261430963 5.26657223166952 0.416514551950209 0 0 1 NA
"349" 0 16.1820762836423 5.60970840324661 0.319195346295992 0 0 0 2.23766957494403
"350" 0 6.64414511879038 4.60086947769488 -0.151654680247982 1 0 1 NA
"351" 0 13.9017819270716 7.80411464477929 0.56383629935506 0 0 1 NA
"352" 0 21.1086675759678 13.4563570085461 -2.83590962646398 0 0 1 NA
"353" 0 5.3096967004577 6.72709588504215 0.46582767423159 1 0 1 NA
"354" 0 1.47194546454679 5.48888674497255 0.355923568463783 1 1 1 NA
"355" 0 3.18490225916312 4.73598065387376 1.4225758117317 1 0 0 2.84314079960343
"356" 0 5.30162441206135 11.2635068793501 0.133105069095907 0 0 0 4.21286255911499
"357" 0 16.4511154826835 2.23563906689885 -0.917456779786718 1 0 1 NA
"358" 0 0.785275126108089 3.46244228169429 -0.0647989199952054 1 0 1 NA
"359" 0 7.5880145676398 2.79180676562889 -1.6962470645368 0 1 1 NA
"360" 0 6.84100588945532 12.6186835949508 -0.075925247645418 1 0 1 NA
"361" 0 3.27366466497738 20.0470279548502 0.130485639905015 0 1 0 1.52696627410415
"362" 0 2.65987707683221 2.32393932714449 0.439828859135843 1 1 0 1.6370711389144
"363" 0 1.98273851977958 0.254667550635415 0.190127721212738 1 1 1 NA
"364" 0 9.99253115044705 42.8577211215565 -0.544496773322464 0 0 1 NA
"365" 0 8.73676607444973 2.56554116315962 1.37577159531178 1 0 0 0.431829846147562
"366" 0 3.47319791072041 1.88029586637673 0.28916943378422 1 0 0 1.54149304826737
"367" 0 13.8590313598948 6.66432979757484 -1.04352824849125 1 0 0 2.75826712960582
"368" 0 4.49136923947709 0.0277949849970525 -0.666141708502415 1 0 1 NA
"369" 0 4.47692883730293 3.12977525070202 0.563019643051654 1 1 0 2.53958937788979
"370" 0 8.99780499285199 4.55154988888751 0.785240790851294 1 0 1 NA
"371" 0 5.08277165321741 13.4532629182343 -1.33982946255212 1 0 1 NA
"372" 0 10.9055739284591 6.3660738532031 -1.67926410133837 0 1 1 NA
"373" 0 2.57416363183611 1.39937155849942 0.696570449140246 1 1 1 NA
"374" 0 0.382958006399762 2.34359523861695 2.17500223220442 0 1 1 NA
"375" 0 6.35804030614448 5.64409420412241 -2.35427994447966 0 1 1 NA
"376" 0 3.34725453112309 2.84590019268213 -1.93432000002413 1 0 1 NA
"377" 0 19.552260051507 2.32870398917234 1.08784167406192 0 0 0 1.24713876563747
"378" 0 2.68559651789797 4.61033095192264 -1.0527188095499 1 0 1 NA
"379" 0 8.58095699795472 4.90905837935378 -0.137366779500731 0 0 0 2.12979457271868
"380" 0 2.1096120700009 14.4124963877908 -0.617486488461624 1 0 1 NA
"381" 0 8.782518011546 2.55711957226537 1.08774226540944 0 0 1 NA
"382" 0 33.8023917010948 6.8011634863819 -2.01033621930305 0 0 1 NA
"383" 0 25.7762535452971 7.08511324341998 -2.61571450682348 1 0 1 NA
"384" 0 14.6212852641709 5.13410369120802 -1.0813641539371 1 0 1 NA
"385" 0 17.6636658788011 3.94087876166547 0.966915874173683 1 0 0 0.530711031945261
"386" 0 0.356023284607941 0.527894692032949 0.156518547787572 1 0 1 NA
"387" 0 4.89209097918625 1.45888129596985 1.83307860468378 1 0 0 1.08689334490954
"388" 0 11.8376409692527 1.85717609447467 0.941470026272569 1 0 1 NA
"389" 0 6.67042694849793 3.28896580178613 -0.188445517534024 1 0 1 NA
