"Z" "Y1" "Y0" "x1" "x2" "x3" "ID" "D"
"1" 1 3.21704807587692 2.01220038227191 1.03212276027602 0 0 0 1.41440285208123
"2" 1 8.30626582718754 7.06708744014074 0.548775601691479 0 0 1 NA
"3" 1 5.26028648630479 3.11327305896745 1.21784765355839 0 1 1 NA
"4" 1 18.4038416765485 1.62329936204846 -0.370897723231022 1 0 0 0.64353367984168
"5" 1 1.5128180991267 8.48240313114443 2.66575724391732 0 0 1 NA
"6" 1 4.30786139397182 4.59585048481215 0.356110851634466 1 1 1 NA
"7" 1 4.61722198640805 5.48844216806529 0.986085286491276 0 1 0 3.05544621854169
"8" 1 3.51916187602166 15.6216863174341 0.507651732929604 0 1 1 NA
"9" 1 2.95010643604031 17.1250737159384 -1.067615984915 1 0 1 NA
"10" 1 3.86321538796308 11.1577701080885 -0.369436303249188 0 0 0 2.63264910691348
"11" 1 53.405642878578 21.3816381601937 -0.817594784693939 0 0 1 NA
"12" 1 20.5087912527318 52.599093673963 0.523824468018183 0 0 1 NA
"13" 1 11.5112388569275 3.03407236222551 -0.546186990339165 0 0 1 NA
"14" 1 7.39447502664467 1.48318905680624 -1.36253899069004 0 1 1 NA
"15" 1 24.1303922221388 7.1757081536159 -0.653582217870398 1 0 1 NA
"16" 1 1.07319482698265 1.96494860197634 1.38119696367956 1 0 1 NA
"17" 1 0.997369730353716 10.8272073591234 -0.099250805056243 0 0 1 NA
"18" 1 8.21091935025616 5.64807317038542 0.409599137551465 1 1 1 NA
"19" 1 5.71948273376975 15.7107055026964 -0.360123928466283 1 0 1 NA
"20" 1 1.84687748292489 4.62286054075895 2.65792201120311 1 1 1 NA
"21" 1 1.27026828901522 1.65516338965206 -0.0226194328914752 1 0 1 NA
"22" 1 13.4674332278582 4.01905103060746 0.480517041582801 0 0 0 0.577280309889706
"23" 1 1.50419895883801 13.8844120914479 0.203994787175521 1 0 0 0.931852239783027
"24" 1 2.28441729116762 2.18449985444174 1.46302447544411 0 1 1 NA
"25" 1 7.71502281817306 10.8786719080388 -1.78431198310517 1 1 1 NA
"26" 1 16.0055496939437 2.10844964911431 0.0341971675518716 1 0 1 NA
"27" 1 0.0867685615957433 15.1920003776138 -0.840171231852372 1 0 1 NA
"28" 1 3.02020516931819 5.55646961777305 -0.307342019698391 1 1 1 NA
"29" 1 22.3077950164939 6.12959586944164 -0.162937523429719 0 1 1 NA
"30" 1 4.0762194921423 1.60433676611277 0.980663500895253 1 0 0 0.860310439105053
"31" 1 8.76565035298602 0.438712485588664 0.722828948234564 1 0 1 NA
"32" 1 16.8847025217309 1.52159405573509 -0.514660286103274 1 0 0 3.61052959745135
"33" 1 0.0899346009743252 3.10092266384761 0.625560788138317 1 0 1 NA
"34" 1 12.2279152880146 14.4875505225766 -0.200135381958188 0 0 1 NA
"35" 1 47.0044641168973 16.4302369752716 -1.2746057220585 0 1 1 NA
"36" 1 13.6176354112868 25.598104777091 -1.07548845739414 0 0 0 1.20138404648106
"37" 1 17.2960293273662 11.0458740929363 1.05420248362008 1 0 1 NA
"38" 1 12.1185459303232 0.667331746926147 1.54591211693486 0 0 0 0.411152118927075
"39" 1 4.27162883680862 0.722086023443474 0.134105859806328 0 1 1 NA
"40" 1 13.6673602229826 2.9211619415317 0.686390490327522 0 0 1 NA
"41" 1 10.1256190703063 9.20194874306019 0.873844595914547 0 0 1 NA
"42" 1 23.8907947440814 9.79488072744976 0.445001087243068 0 0 0 1.45936957318832
"43" 1 7.94765741611664 23.1982887844525 -0.703071925926437 0 1 1 NA
"44" 1 2.86435151052296 3.04979521819238 -1.02360522648765 1 1 1 NA
"45" 1 4.34030624439566 5.38921048333374 1.78068868763359 1 0 1 NA
"46" 1 10.2446097921118 7.1196396126349 0.623400045252013 0 0 0 3.04304929255316
"47" 1 4.25838382152174 7.62794556598211 0.327918063409019 0 1 1 NA
"48" 1 2.19906853573254 5.81780585713285 0.486202680755159 0 1 1 NA
"49" 1 6.16188666856256 1.86931137046831 0.545176179546425 1 0 1 NA
"50" 1 14.9171216274643 16.4011661949759 0.811870180130241 0 0 1 NA
"51" 1 17.9035073137439 1.49813169136531 0.709707643630202 1 0 0 1.66055989847016
"52" 1 2.75076868629007 7.33017975408717 -0.397230171686475 1 0 0 2.02649115715731
"53" 1 1.68638736107706 4.16174387266119 1.39455158088509 1 0 0 1.42891840464986
"54" 1 71.4884327963474 7.26176613188988 -0.591094920250763 0 0 0 1.00767655320245
"55" 1 1.10369603091447 13.551187928476 2.17571196038418 0 1 0 0.701399943748245
"56" 1 3.42344423844931 5.80875899867464 2.01295184388032 0 0 0 2.39350548797743
"57" 1 11.7507824376271 6.21784526715106 -0.533315820402121 0 0 0 2.52138383821976
"58" 1 0.857052237426509 12.2135488839676 -0.554467132787182 0 0 1 NA
"59" 1 6.387259033416 3.18535522355201 -0.159790390767085 1 0 1 NA
"60" 1 5.53047746862825 5.14096083329795 0.149433303202617 1 0 1 NA
"61" 1 8.00974761214167 28.7452614667203 -2.42297621732471 0 0 1 NA
"62" 1 4.11046895874853 6.41412582491006 -1.86919607535863 0 1 1 NA
"63" 1 45.0444666192785 1.93581436691473 0.716796910187615 1 0 0 0.407428172307913
"64" 1 1.25411820723764 3.00798673668479 -0.171722276802355 1 0 1 NA
"65" 1 2.86302597938859 4.91183628397228 -1.5987914052111 0 1 1 NA
"66" 1 7.41265407440879 1.84657589681058 0.823918463264071 1 1 1 NA
"67" 1 0.426551105027139 1.18449238767091 0.501040374549084 1 0 1 NA
"68" 1 6.29589380583498 0.778810231780449 0.031328867162987 1 0 0 4.85266243006039
"69" 1 13.0944472153573 11.435288056078 -1.08868754324611 1 0 0 7.11541753192239
"70" 1 5.49929979863974 3.11537893455019 -2.06130001667474 1 0 1 NA
"71" 1 14.3235514924572 0.764283503915472 -0.849416933953657 0 1 1 NA
"72" 1 12.4425156060905 3.85988152293531 0.475219664388416 0 0 1 NA
"73" 1 2.33679236090745 6.19692471469518 -0.48385656648127 0 0 1 NA
"74" 1 7.88863182604199 0.578814653193555 -1.78389928986167 0 0 0 2.3700730538449
"75" 1 3.61917386849342 9.92505558812366 0.266252284331945 0 1 1 NA
"76" 1 0.158774706200438 14.048597612619 -1.54426009143779 0 0 1 NA
"77" 1 21.1417613985389 12.866524728733 0.352224846849541 0 1 1 NA
"78" 1 7.31259920516816 15.2518433750947 -2.17046818055512 0 1 1 NA
"79" 1 14.8814738034388 1.42205080751672 0.296343485755742 0 0 1 NA
"80" 1 7.69143262339436 1.73393476003138 -0.456343042253395 1 0 0 2.59569736295233
"81" 1 3.22946565171394 3.97770006402862 0.7363235274803 0 0 0 2.92120916688356
"82" 1 20.6810508894138 8.26192381519534 0.197924068951118 0 0 0 4.50284063176455
"83" 1 2.66548080596006 5.19406972234469 -1.11498284822548 0 1 1 NA
"84" 1 7.38515896085442 23.7443315935877 -0.501865831335896 0 0 1 NA
"85" 1 7.9815112057562 2.55653245490618 -1.23586395198142 1 0 1 NA
"86" 1 2.96987344988088 0.700075740570824 0.256637885730328 1 1 1 NA
"87" 1 2.73586012395664 33.3099299361719 0.086376596059318 0 1 1 NA
"88" 1 0.366212994838577 10.3850446867517 0.407225234642172 0 0 1 NA
"89" 1 3.62508373916211 2.31121290376259 0.74891900775686 1 1 0 1.51308990072576
"90" 1 25.9714020870074 16.1333535083904 0.865016378502219 0 0 1 NA
"91" 1 15.5085235033445 15.1081136941937 -0.521802270235406 0 0 1 NA
"92" 1 1.19296924083177 3.36175214342603 1.52336370297752 0 1 0 0.483964882698359
"93" 1 9.90192828722492 5.54361134595127 -0.401046148816641 1 1 1 NA
"94" 1 6.18257633048666 20.0513925044867 -0.576458723260224 1 0 1 NA
"95" 1 7.63501084114714 3.058488683943 0.107835646724652 0 0 0 4.22329260132425
"96" 1 0.737215251491749 4.45915840584378 0.678100114593803 0 0 1 NA
"97" 1 0.694729905827714 4.03830480786966 0.710916470912167 0 1 1 NA
"98" 1 2.93179524940483 2.21929065707068 -0.141587562504642 0 0 1 NA
"99" 1 14.2924241834006 2.87421897439172 -0.384867209039317 0 0 1 NA
"100" 1 50.5457173215218 20.1373933958676 0.590661797944154 0 0 1 NA
"101" 1 6.59023047032937 0.0938137971638357 -0.993794417723304 1 0 1 NA
"102" 1 7.1207204963352 3.40434356997929 -0.390639481941863 0 1 1 NA
"103" 1 9.00073637334523 3.14616594556167 -2.52414069900367 1 1 1 NA
"104" 1 9.12960105565876 41.5554458801439 0.124783922924093 0 0 1 NA
"105" 1 27.4325279140983 26.0934950904707 0.301950701130646 0 0 1 NA
"106" 1 7.25737058990545 4.20621720606366 0.180684123548457 1 0 0 3.71832244256159
"107" 1 13.3956754742006 1.16181596908963 -0.0837742122114554 1 1 1 NA
"108" 1 7.50989971644163 21.5598101502441 0.130363876895785 0 0 0 1.77619232059475
"109" 1 66.5367154939647 4.10411847241462 -2.70158393375979 0 0 1 NA
"110" 1 5.30483602193246 4.30601537279566 1.44384344733259 0 1 0 1.88017723373033
"111" 1 0.174010673233954 4.15395952339907 0.304015855061302 1 0 1 NA
"112" 1 12.0459111015843 9.40096726885981 0.398506213870838 0 0 0 1.0056414115224
"113" 1 2.39771655195325 8.58315746562169 -0.94446847602594 0 1 0 1.5954324355415
"114" 1 18.9057077278537 3.79677791148496 0.856928974289826 0 0 0 2.23790123802931
"115" 1 2.59720948358626 4.26894671476948 0.733674717983573 1 1 1 NA
"116" 1 18.0174465918024 9.05484993555015 0.046729508418922 0 0 1 NA
"117" 1 2.3196185102649 8.17241877560961 1.90807461046074 1 0 0 2.09663295551768
"118" 1 10.4283302180464 2.68945273523744 -0.594090891719341 0 0 1 NA
"119" 1 50.5163155137715 16.2682899451168 -1.52948289507974 0 0 0 4.14581411516051
"120" 1 18.3505336889795 38.637451560427 -1.71088584901377 1 0 1 NA
"121" 1 7.51677777825554 0.597561341837255 0.372639078994187 1 1 1 NA
"122" 1 26.7230704479132 35.1356837120668 -1.3708821466637 0 0 1 NA
"123" 1 8.47470458643874 0.358925273488215 -0.428514563152341 1 1 1 NA
"124" 1 3.43404861514149 1.02213008303249 0.281047099761594 0 1 1 NA
"125" 1 12.8214295443626 6.68571188191411 -0.553180607731549 0 0 1 NA
"126" 1 1.65631010948361 3.92479959312633 2.37269152575546 1 1 1 NA
"127" 1 3.14362876190814 2.94498596982198 0.970439165060302 1 0 1 NA
"128" 1 7.85437711218119 2.54684567103236 1.14199130920856 1 1 1 NA
"129" 1 33.7583446599924 4.10795249833877 0.575023940413402 1 0 0 2.21197676900211
"130" 1 3.73900570014795 11.4341261411862 1.31837683764619 0 0 0 1.28597725508097
"131" 1 2.61049455349187 2.54725957550942 0.259794837658539 1 1 1 NA
"132" 1 4.42967376549357 4.47824843705277 0.082950906807102 1 0 1 NA
"133" 1 12.9925639350223 1.77923133462378 0.944537065923942 1 0 1 NA
"134" 1 16.419972292361 6.54747640213647 0.916660795323584 0 0 0 0.80598776116854
"135" 1 2.11063284671059 1.91201321374142 -0.0271845347854283 1 0 0 1.39551020355423
"136" 1 10.1012624122231 9.39185676268448 -0.487395756361655 0 0 1 NA
"137" 1 0.223849517982158 6.15966789266326 -1.67447842832229 0 0 1 NA
"138" 1 11.4712404469313 7.98356988166326 0.319876375757096 0 1 0 0.789375649533501
"139" 1 2.17768724392944 4.48392502218674 -0.120858173015101 0 1 1 NA
"140" 1 13.2117618719625 29.7547031268226 -0.555760022329029 0 0 0 2.81226102755097
"141" 1 8.94189344062882 18.7052140676894 -1.46166653892653 0 1 1 NA
"142" 1 6.72584633120062 4.11761953321464 -0.679250128488641 1 1 0 1.50092622432469
"143" 1 12.1597607426263 1.26926659109482 0.87512512662994 0 0 1 NA
"144" 1 8.83641416022845 9.29162816032182 0.18858922478563 1 0 0 0.324148632230103
"145" 1 1.44216977065352 2.76151644578136 -0.491167692167866 1 0 1 NA
"146" 1 1.71176289868023 0.167200082965518 0.91892827103582 1 0 1 NA
"147" 1 9.37541976326422 14.6218799183289 -0.524001759326424 0 1 1 NA
"148" 1 8.10162583096115 9.26259720138614 -0.444320141625918 0 0 0 3.1831562809751
"149" 1 2.99909217321318 0.342045798863979 0.721494099826788 0 1 1 NA
"150" 1 6.50184784722778 26.1798359846398 -0.111102743767785 0 0 0 3.07583401634261
"151" 1 9.53592998819203 6.19175579372163 -0.878668403908507 1 0 1 NA
"152" 1 10.06419837554 16.0396065800768 0.538301494096419 0 0 1 NA
"153" 1 2.96521093582757 0.403173843946845 0.357687484181773 1 0 0 1.27842147707059
"154" 1 5.63211336603917 5.05908392653381 0.412458809996892 0 1 1 NA
"155" 1 2.93749242851813 1.18741532039317 -0.242148205092277 1 1 1 NA
"156" 1 3.24638566375493 4.94941977111509 0.73914948987861 0 1 0 2.33898999611406
"157" 1 7.94516294037699 6.24509602423475 -0.534391114581007 0 1 1 NA
"158" 1 2.78672197778101 2.51301952089809 1.17644738262057 1 1 1 NA
"159" 1 12.9611085981422 17.7899666566742 -0.984675262648369 1 0 1 NA
"160" 1 7.81583739815619 0.831650965710854 2.28381834356111 1 0 0 0.702387232413084
"161" 1 2.86148092603252 6.00358527315673 -0.0307592115612651 1 1 1 NA
"162" 1 13.8196240608064 6.9920331904071 -0.829342401718741 0 1 1 NA
"163" 1 15.4980422744466 7.69579033588849 -1.68103915479639 1 0 1 NA
"164" 1 2.63650737568521 0.896554960873336 0.403587930126802 0 1 0 1.29139474881112
"165" 1 6.63373319039407 7.32597102048434 -1.15190191957126 0 1 1 NA
"166" 1 6.92473344457543 14.5058755492863 1.33261148010983 1 0 1 NA
"167" 1 15.1173735346215 4.46791329745001 0.34657614118206 0 0 0 0.289199435128285
"168" 1 8.44296778700303 2.70194381414058 0.6482150856014 1 0 0 2.82597848376611
"169" 1 4.45783242684065 1.081897620057 0.202355453317198 1 0 1 NA
"170" 1 9.10835148157205 6.27033853908887 -0.92693522393092 0 0 1 NA
"171" 1 1.81105784536663 0.0180575160464015 -0.53759095986705 1 1 0 1.65544806990584
"172" 1 1.75090944757336 0.0812016757464427 0.231282947723104 0 0 1 NA
"173" 1 5.75330334612941 3.89044155096443 -0.508804925174927 0 1 1 NA
"174" 1 15.9902557352932 2.32232123805221 1.64880932865156 1 0 0 0.22678248635673
"175" 1 6.57929723287463 6.665705326379 -1.23906186026085 1 1 1 NA
"176" 1 10.4329583620668 1.19095300084296 -1.64345481336527 1 0 1 NA
"177" 1 26.9051225456725 32.8258513872772 -2.30393186734388 0 0 0 0.929704958114348
"178" 1 10.254922661985 1.54325659151834 1.02945373253105 0 0 1 NA
"179" 1 17.9063037973258 2.41997973666965 1.13521886799452 0 0 1 NA
"180" 1 11.9496543339598 6.89748258727627 0.0628768304407306 1 0 0 1.64127422869316
"181" 1 38.0876239462198 2.22940948977463 -0.59488692392605 0 0 1 NA
"182" 1 4.33048309633752 5.71628285585442 -0.197588716542882 0 0 0 3.34857967601477
"183" 1 2.14148197604926 0.297229132941969 -0.941705752202023 0 1 1 NA
"184" 1 5.60365544140842 18.4951707224785 0.31745859793044 1 0 1 NA
"185" 1 23.7028347032436 0.0379078169508116 -1.02279074231745 0 0 0 6.03889999329561
"186" 1 23.4292262576423 2.81416045104883 -1.8305610630875 1 0 1 NA
"187" 1 20.0329029081871 3.72949537906692 0.979094867193632 0 0 1 NA
"188" 1 14.6320534450105 12.0945678338736 0.180162979195893 0 0 1 NA
"189" 1 8.56701240898195 2.80684652265893 0.778893735508557 1 1 1 NA
"190" 1 9.72866403968987 4.18721826652101 -0.243574767546841 0 0 1 NA
"191" 1 26.2415231683 16.1145397239537 -0.663849935902785 0 0 1 NA
"192" 1 11.9172535169358 5.2248651158031 -2.54428578379463 0 1 1 NA
"193" 1 3.27491263862954 1.56584222056836 0.458505086753466 1 0 1 NA
"194" 1 9.48781881409555 5.04080038819936 -1.31566370907717 0 0 1 NA
"195" 1 13.8464963883534 7.09108211365734 -0.12790508371013 0 0 1 NA
"196" 1 11.1209973400847 0.450269769547794 1.57305784003743 0 0 1 NA
"197" 1 5.89738007701455 2.39738637306743 0.53457452158259 1 1 0 4.09723171466751
"198" 1 8.82820412434717 5.1912782481362 -0.100599466405387 1 1 1 NA
"199" 1 2.64725310208079 0.34741458608168 0.879701090878636 0 0 0 1.04298092254706
"200" 1 13.8360692902514 3.42882610747851 0.787660320053151 0 0 1 NA
"201" 0 10.9837040558644 5.15021542198923 -1.38503535791365 1 1 1 NA
"202" 0 6.26365902247031 3.74571932323777 -0.658368259417163 0 1 1 NA
"203" 0 25.8884750174916 10.8339716069213 0.364977808276238 0 0 1 NA
"204" 0 2.19137608875046 7.71797443657772 0.60816287328101 1 0 1 NA
"205" 0 12.6147218011285 1.58490556672515 1.23302719402791 0 1 1 NA
"206" 0 20.6849497876158 15.5291509267142 -0.359413987934066 0 0 1 NA
"207" 0 62.9801006714581 5.93122568263574 -2.08124464819472 0 0 1 NA
"208" 0 14.8302812090322 1.75094528956822 0.307192428051083 0 1 1 NA
"209" 0 17.7298685370663 11.2923701257627 -1.62710152704832 0 0 1 NA
"210" 0 0.562389837484571 0.156284140250143 0.918789527415237 0 0 1 NA
"211" 0 17.4400270627202 35.436316595331 -1.14841135084895 0 0 0 1.46890734920104
"212" 0 29.458359081427 4.20889493851544 1.25822487759823 1 0 1 NA
"213" 0 3.42997475565542 19.3980420900004 -1.00700916640959 1 1 1 NA
"214" 0 21.5015491754574 9.88203943056754 -1.87152244738296 1 1 1 NA
"215" 0 1.48221918320625 1.91292641867119 0.566570296885066 1 0 0 1.13739307520799
"216" 0 4.12402758436182 7.13464444151298 0.0642102565105351 0 1 1 NA
"217" 0 6.95713563018632 1.96791450563501 -0.585237328305635 1 0 0 0.416686449906257
"218" 0 8.23035215783652 4.13131918140451 1.57876935522934 1 0 0 0.848315101409557
"219" 0 7.31409270802212 5.62094506179497 1.41330309773587 1 0 1 NA
"220" 0 1.85141145915821 1.8107078756608 0.895403857046672 1 0 1 NA
"221" 0 6.25684218029287 5.78803575675448 -0.71640669937726 1 1 0 1.42740439255785
"222" 0 6.88858917193972 16.6041374646774 -1.82367428550012 1 1 1 NA
"223" 0 28.2201196722079 7.01527856362035 -0.35258276968864 0 0 1 NA
"224" 0 10.2588017498253 4.77379354575532 -0.644765142577754 0 0 1 NA
"225" 0 14.2647104157196 9.83056466122996 0.442840986572662 0 1 1 NA
"226" 0 4.69514790529273 1.05707370328592 0.59049866552141 1 1 0 2.91922320913641
"227" 0 10.0853241507099 33.1128613005233 0.705251814249146 0 0 0 1.15112394390643
"228" 0 5.36630171358262 2.7090153588831 -1.31669543159035 1 1 1 NA
"229" 0 13.004266505618 14.968146697352 1.13781780521739 0 0 0 1.87279294295195
"230" 0 34.6880038686616 16.0717749153836 -1.02315173193746 1 0 0 0.0764286706976596
"231" 0 5.29091751489554 11.3668705147954 -1.25813782931046 1 0 0 1.21638895442989
"232" 0 8.77254610673307 18.9225852761361 -0.310207021307467 1 0 1 NA
"233" 0 2.86042024200814 7.9195599766186 0.577789304332686 0 0 0 1.23115236460428
"234" 0 1.47233881910159 14.1643442366564 -2.87680081258592 1 1 1 NA
"235" 0 5.06403403354932 5.54297349678183 1.10005446344336 1 0 0 1.39348915609737
"236" 0 19.3930828255517 3.20798168499921 0.61785510825082 0 0 0 1.51030709681193
"237" 0 3.5953103661709 4.72015781819714 0.535942570893078 0 0 1 NA
"238" 0 0.844531469014057 4.31023589236168 -0.369688685118081 1 1 1 NA
"239" 0 0.597581607150264 14.9187759635288 -0.206073359219292 0 0 1 NA
"240" 0 11.231655852647 7.22955268240096 -0.157299129355435 1 0 0 2.17632893404887
"241" 0 5.9838571016207 5.3940532625009 -0.0691778765009464 0 1 0 4.97366643906501
"242" 0 28.0842980102079 2.07951252394088 0.410535502556377 0 0 0 2.08746071900828
"243" 0 11.8140641468183 10.0931578663586 -0.037161123310306 1 1 1 NA
"244" 0 2.40070667752345 0.20403006370081 -0.762339595260705 1 0 0 0.880387266819135
"245" 0 2.19278000842631 28.6218712252894 1.21442693578976 0 0 1 NA
"246" 0 0.434416915720676 4.02319498949188 0.603860253789935 1 0 1 NA
"247" 0 18.4247720317069 0.200360491243295 0.0440098217347785 1 1 1 NA
"248" 0 7.95148681973884 9.44225406070566 -0.16777409437679 0 0 1 NA
"249" 0 43.9033073725148 6.71155619806329 -1.25252387628834 0 0 1 NA
"250" 0 0.709229030347168 4.24560698307406 -0.977858204157227 1 1 1 NA
"251" 0 6.7498024855431 17.5242534792663 -1.61635225326486 0 1 1 NA
"252" 0 2.15494026220865 1.72448160053285 0.53671284895801 1 1 1 NA
"253" 0 0.904558742900852 1.33097233740481 0.906832933087376 0 1 1 NA
"254" 0 4.24653448342681 6.0665681759112 0.0277447877428895 0 0 0 3.24557926197592
"255" 0 11.5823543057627 14.6343341123098 0.861691466618512 0 0 0 1.97730524099666
"256" 0 8.70448528401865 1.57635155977555 0.893323471194673 1 0 1 NA
"257" 0 8.7339138225428 0.19858634293412 0.130195686728671 0 0 0 4.16630472065808
"258" 0 24.573421572512 1.21743165566869 -0.325331370419259 1 0 1 NA
"259" 0 9.42335111485879 34.0825028548426 -1.29372104099325 0 0 0 4.39729784189696
"260" 0 4.3630404838625 0.914453286485822 1.16474434657812 1 0 1 NA
"261" 0 0.243386411769331 3.12418936577987 -0.00319668225242352 1 1 1 NA
"262" 0 1.68581041521594 16.320901937618 0.486438595213206 1 0 1 NA
"263" 0 3.60413289903373 6.79068285821392 -0.262626895384886 1 1 1 NA
"264" 0 9.44251240245356 2.72519017446232 2.04675644351827 1 0 1 NA
"265" 0 38.9885662253275 5.80391539506748 -2.15149829430211 1 0 1 NA
"266" 0 3.95178893083586 6.71965950847007 0.294854721370908 0 1 1 NA
"267" 0 6.6831006987596 0.863345659247793 1.56473385870378 1 0 0 0.417314673773529
"268" 0 9.11894224539456 7.75169635517 -0.0583183002018707 0 0 0 2.08158102420795
"269" 0 2.57834749930756 15.830492498979 0.376336465991225 0 0 1 NA
"270" 0 2.72340847692135 1.33921748130985 0.370870137246331 0 1 1 NA
"271" 0 26.3155115542556 1.11234612934153 -2.42263042685906 1 1 1 NA
"272" 0 6.915071127202 9.73931400143645 -0.244012598328716 0 0 0 2.87548115771123
"273" 0 0.680705494867097 1.49569560128867 -0.247892802058842 1 1 1 NA
"274" 0 0.262285407965172 0.428822535119451 -1.05914158016104 1 0 1 NA
"275" 0 22.879715055951 0.728751917301705 -1.00301554325414 0 0 1 NA
"276" 0 0.786099735364104 10.4491212308953 -0.189415498240816 0 0 1 NA
"277" 0 0.219569592799354 6.61394423306811 0.0768284162713239 1 0 1 NA
"278" 0 8.64875592424503 2.64278563461445 -0.627666240958552 1 1 1 NA
"279" 0 4.7014063610204 1.41692371294018 1.36915189785389 1 1 1 NA
"280" 0 3.86215785882403 5.59933682477195 -1.00349375267225 1 0 1 NA
"281" 0 3.62522825855064 1.74589197526435 -1.48616552401417 1 0 1 NA
"282" 0 8.97879837317859 0.205769362213664 1.13513370151752 1 0 0 0.985474853319507
"283" 0 3.92311101509409 1.82381365641207 -0.790315242341468 0 0 0 1.5789624597585
"284" 0 0.727220321933316 2.01137576916272 -0.0183218973426459 1 1 1 NA
"285" 0 12.7759142209939 6.164716074357 0.591665900336504 0 0 0 1.32473788866914
"286" 0 48.3647848527391 5.46038242740772 1.37172258497075 0 1 1 NA
"287" 0 0.393702935895236 8.95486955599081 0.148444845462171 0 0 1 NA
"288" 0 1.02563349399655 4.46478103257247 -1.50349982259654 1 0 1 NA
"289" 0 16.0443640202598 5.77512235294089 0.438083138782007 0 1 1 NA
"290" 0 13.4375179241935 0.854655623091333 1.02999111052669 0 0 1 NA
"291" 0 1.29580703265965 0.0612341145674913 -0.365270029238603 1 0 1 NA
"292" 0 18.8947191191941 0.857939330164906 -0.260358424662202 0 0 1 NA
"293" 0 6.73850797195786 2.81064295679446 0.263030072671542 0 0 0 3.36964110820627
"294" 0 5.08415232520042 3.71217148553641 0.178725498574284 1 0 1 NA
"295" 0 17.2569547465583 3.6250699488038 -1.41299367829887 0 0 0 5.70627822457898
"296" 0 58.7716935357251 18.9954851140669 -1.23266920855007 0 0 1 NA
"297" 0 7.99452365024956 1.02848299716789 0.516029533764197 1 1 1 NA
"298" 0 15.1998207779946 0.922030936517799 0.696996992927645 0 1 1 NA
"299" 0 14.259898613984 9.28986330828843 1.81202438289393 0 0 0 1.68829748421744
"300" 0 1.12397405439904 5.77751299065531 -0.0815598484792408 0 1 1 NA
"301" 0 35.1733620303885 14.8998863359026 0.131160741298206 0 0 1 NA
"302" 0 5.46074006247901 0.408667737483714 -0.24550065668676 0 0 1 NA
"303" 0 1.72063114205205 3.68440094139332 0.511073623204582 1 1 1 NA
"304" 0 26.5125491693834 5.92132531044964 1.85703143225047 0 0 0 2.43008376787885
"305" 0 15.05282994087 9.62836572483683 -1.00315808142702 0 0 0 4.40453949712086
"306" 0 13.9404416468003 1.02782367301927 -0.657254281626953 0 0 1 NA
"307" 0 19.8179141126012 1.00113490512233 0.981920365273813 0 1 1 NA
"308" 0 19.492171197546 0.26360509205677 1.20472389124156 0 1 0 2.242601000647
"309" 0 0.295369117926408 1.21078219270714 1.99357834146053 1 1 1 NA
"310" 0 17.5552931454829 7.40241128906431 -0.817748694679499 0 0 0 2.41929605151148
"311" 0 3.33692767610663 8.62105093438293 1.03823191969875 0 0 1 NA
"312" 0 6.33274158954688 2.72729396477259 -0.654541018386851 1 0 0 1.01450309926586
"313" 0 7.41831062998346 22.6964438783446 -1.12801508433082 0 0 1 NA
"314" 0 24.4348526811348 2.29213636093842 -0.489479736748455 1 0 1 NA
"315" 0 2.9403999781648 4.3432232532366 2.12477225342447 1 1 0 2.17268696498094
"316" 0 2.24877464261093 8.92144056018705 0.673538906731232 1 0 1 NA
"317" 0 1.00171689636158 13.2312261683445 -0.307316898509416 0 1 1 NA
"318" 0 3.99201261387763 1.85610417313007 0.296473565000775 1 1 1 NA
"319" 0 3.46932127999035 1.10786421262042 1.70054521469137 1 0 1 NA
"320" 0 2.06227802005027 7.11106981803899 0.566226389522834 1 0 1 NA
"321" 0 13.7971446558215 6.91824604183108 1.17247378254021 0 0 0 0.566580444137764
"322" 0 9.36750706585928 1.52107014626597 -0.705438216087491 0 1 1 NA
"323" 0 9.75662782201009 5.67992577043174 0.543679286918935 1 0 0 0.800919600853217
"324" 0 34.9828631676777 37.9411087476824 -1.00475030362578 0 0 1 NA
"325" 0 16.4433719458433 3.52841799411079 0.180993937458791 0 1 1 NA
"326" 0 16.9218153117025 6.08936933921687 -1.37898165068001 0 1 1 NA
"327" 0 1.68824316443384 1.28783298318552 2.04929151382516 0 0 0 1.41631410982794
"328" 0 9.33779065180849 3.30698167501622 1.59886160581232 1 0 0 1.45878871307576
"329" 0 10.0548554633129 7.1368662828864 0.199451372004956 0 0 0 4.56407203781941
"330" 0 1.54908088720678 0.560875320169404 -1.39773160322916 0 0 1 NA
"331" 0 0.765957270766008 6.67919685785111 -0.965285432159388 1 0 1 NA
"332" 0 2.60309849990799 7.89973196860424 0.507814143597148 0 0 1 NA
"333" 0 8.09968431099102 7.04625327865362 0.538211302014648 1 1 0 2.71843759646753
"334" 0 3.43803189070497 1.18184714568423 0.298057424681275 1 1 0 2.28083755956018
"335" 0 0.749840130594208 4.50398678638113 0.545680951447314 0 0 1 NA
"336" 0 15.6627579776205 1.35411634521428 0.945231025293934 1 0 0 0.794037214710096
"337" 0 1.22233126402586 0.698404808085939 0.868447140860965 1 1 1 NA
"338" 0 8.45077816144311 3.22560404710072 -0.0405296611684037 0 1 0 2.28100207452135
"339" 0 5.84956943642248 2.92864299104212 -0.655430528119518 0 1 1 NA
"340" 0 8.26303333403326 6.93735513294086 -0.720836870803667 1 0 1 NA
"341" 0 1.71833467474781 1.48184158794923 0.131264118849535 1 0 1 NA
"342" 0 4.32321634444062 2.75152337582066 0.966324015792529 1 0 0 3.26195919879744
"343" 0 7.30892298839956 0.0275495513296312 -0.279270842588301 1 0 0 3.51531810631597
"344" 0 4.17683127733198 16.3662721707859 1.01374493495758 1 0 1 NA
"345" 0 9.58077275972979 9.17991864334358 0.81269532616146 1 0 1 NA
"346" 0 38.4089700235692 4.89082864579284 0.0831962026047414 0 0 1 NA
"347" 0 10.2005139226455 0.824701352001953 0.0412756888447137 1 1 1 NA
"348" 0 5.61083449898206 0.23169590283777 -1.5325519631283 0 1 0 3.31294511457044
"349" 0 3.26136610162895 6.4895491815129 0.878941655053924 0 1 1 NA
"350" 0 0.223650381309934 7.64037016749096 0.785609476528562 1 1 1 NA
"351" 0 11.56276478996 6.6066284320746 -0.93372078003355 0 1 1 NA
"352" 0 20.5407702336841 18.5985057269926 -1.89277283920704 0 0 1 NA
"353" 0 26.1296614555441 17.9771350099508 0.046527987981715 1 0 1 NA
"354" 0 6.24916861136826 0.603943515122112 0.749714363870768 0 0 1 NA
"355" 0 17.8416688015222 10.8085944438397 0.00224918078022251 0 1 0 0.409961814221616
"356" 0 12.0897426164564 0.612065705407868 -0.145113234692672 0 1 1 NA
"357" 0 34.7716361372073 16.1539869539488 -0.201921536625114 0 0 1 NA
"358" 0 1.78589302774936 4.04732719352463 0.439973408490231 1 1 1 NA
"359" 0 3.39117556091152 2.55951881320026 -0.261643971643619 1 1 1 NA
"360" 0 8.96861629398991 4.33781022793164 -0.736943677411528 1 1 1 NA
"361" 0 4.22785494416112 13.8502272888388 0.730407705861409 0 0 1 NA
"362" 0 6.38761018231477 0.687760375812939 1.16987582462961 1 1 1 NA
"363" 0 9.41531263192866 6.13632483953297 -0.0931525485728835 0 1 1 NA
"364" 0 24.9121173217438 8.54846530997225 0.201162997073523 0 0 1 NA
"365" 0 4.872792594205 3.8396256500249 -1.01259083788009 1 0 1 NA
"366" 0 15.0739031044455 6.21544477915931 -0.504979559267032 1 0 0 1.04710197473699
"367" 0 5.92743693292935 4.75741597272279 2.0644629042928 0 0 0 1.78286545598256
"368" 0 5.11558289918796 1.86057854458434 0.32685404515686 0 1 1 NA
"369" 0 3.08971346331634 3.09169756182796 0.802389967748892 0 1 0 1.15137681247327
"370" 0 1.93606488742998 0.462150050256783 -0.512764961659661 1 1 1 NA
"371" 0 15.328759977753 5.21449930409211 -1.3706049912236 1 0 1 NA
"372" 0 3.72216340183519 4.76542366334648 -0.334834629293222 1 0 0 0.785053072206149
"373" 0 1.61705348676113 1.87301224902773 -0.125925906585407 0 0 0 1.15873964478884
"374" 0 29.2322000476012 30.6657673696991 -1.61007664455528 0 0 0 3.64259248621076
"375" 0 5.43963452885775 4.27306959573236 -0.0617231241102756 1 0 1 NA
"376" 0 10.8233603846917 0.702768038475671 0.38639595336651 1 0 0 2.43176058657349
"377" 0 19.2414040895727 9.21318700656776 0.17923764252666 0 0 1 NA
"378" 0 6.8618000501906 2.36746571864965 -0.618396509288082 0 1 0 1.62075365280547
"379" 0 26.7089888052374 14.7132371858193 0.860851659195242 0 1 1 NA
"380" 0 0.170272140978506 3.75367695972331 -0.841838509905598 1 0 1 NA
"381" 0 5.70106686619935 7.70373852651608 1.53136455809697 1 0 0 1.02877706002544
"382" 0 9.47195257812343 2.05556051625179 -0.912883839059403 1 0 0 3.07139593708929
"383" 0 1.53288406347085 0.531725706963312 1.20680731572305 0 1 0 0.864447530042551
"384" 0 0.423022733642209 2.41097968081914 -0.308083931446417 1 0 1 NA
"385" 0 18.3546078075026 1.68130233835989 -1.58248180969061 0 0 1 NA
"386" 0 30.130388342262 8.47837394279746 -1.20515069835486 0 0 1 NA
"387" 0 6.3234686023106 2.53691840805586 -0.587876222890738 1 0 1 NA
"388" 0 9.12236901752022 3.33246121479294 0.383914968556007 1 0 0 0.679384320302812
"389" 0 14.0069338495669 43.7422878598648 -0.2615067967333 0 0 1 NA
