"Z" "Y1" "Y0" "x1" "x2" "x3" "ID" "D"
"1" 1 4.22159187511878 8.53779216027486 1.522303145926 1 0 0 2.47825368261501
"2" 1 39.0383175478424 13.8182007114663 -0.440502208919265 0 0 1 NA
"3" 1 5.29688434606342 1.48793262854204 0.210906677417489 1 0 0 3.12688655179966
"4" 1 0.622117986570374 4.99418581723514 0.527529193843742 0 1 1 NA
"5" 1 0.0919136303161828 7.17711618147738 0.500219589188574 1 1 1 NA
"6" 1 7.61255825157508 10.1223676516516 -1.05433505179403 1 0 1 NA
"7" 1 13.0012164938845 4.19767350663493 0.613767503004011 1 0 1 NA
"8" 1 8.49942586647609 0.637609523545957 1.34020567642366 1 0 1 NA
"9" 1 10.2361217137698 13.9468039882373 -0.941294749184419 1 0 0 2.37591519131973
"10" 1 9.65072868633197 6.34913250184563 -0.220593249698199 1 0 0 0.762237140167386
"11" 1 8.07747644847901 1.89047418616756 -0.664855692423809 0 1 0 6.779065905799
"12" 1 14.3588180817788 3.54581892619331 0.83239419501482 1 0 1 NA
"13" 1 4.75372267030145 4.553093864943 -0.461759857726461 1 0 0 0.368785627231983
"14" 1 0.99847402327921 1.81696298411726 1.08203616625703 1 0 1 NA
"15" 1 23.8465711182629 43.0739245650255 -0.991334892682727 0 0 1 NA
"16" 1 18.4098224073255 2.04609743219348 -1.03782474506472 0 0 0 2.83436889229825
"17" 1 23.6379695649713 23.3900399297755 -0.594657901174623 0 0 1 NA
"18" 1 14.5717608539511 6.0371560909763 -0.134144367394268 0 1 0 5.23725867777324
"19" 1 10.6595557163008 4.77632213588768 0.729082076947955 1 0 0 1.03351975570392
"20" 1 4.43829610509503 2.88192554756906 0.876311850842781 0 0 0 1.99796384510239
"21" 1 3.43281838393543 3.1977002596347 1.46913904832715 1 0 0 1.34571510166612
"22" 1 10.7410736013304 27.9145759285477 -0.8048824887864 1 0 1 NA
"23" 1 4.12635727743557 10.6334141244591 -0.211204662947809 0 0 1 NA
"24" 1 13.8123867176188 11.3674304617023 0.00200445257228068 0 0 0 0.206541202774228
"25" 1 7.34707885762474 3.53997806932698 -0.0930332691984721 1 0 0 2.8422685697257
"26" 1 8.52015480104865 1.40745477597901 0.548107648750169 1 1 1 NA
"27" 1 3.01171444505667 3.80489067581817 0.382787009607849 1 1 1 NA
"28" 1 4.60161067710908 0.915376403502679 2.75110432785607 0 1 0 1.51925645304016
"29" 1 10.1615123369309 23.430910413468 -0.34228349453948 0 0 1 NA
"30" 1 1.81182339538872 16.7262185354786 -0.159653273667244 1 0 1 NA
"31" 1 13.18407057147 1.74085656569318 -0.209267227283924 1 0 1 NA
"32" 1 7.53508527620858 21.0460262085562 -0.0977284981902764 0 0 0 2.84138991218938
"33" 1 9.9054048627146 7.26670289127661 0.652031605221171 1 0 1 NA
"34" 1 7.59169210896289 6.43699877005141 -0.365706554571276 1 0 1 NA
"35" 1 6.54223259696111 12.65653369426 0.435015739891739 1 0 0 0.811077945034413
"36" 1 13.3997018814203 1.61587821698158 -0.404987092225638 1 0 0 3.34614257023728
"37" 1 27.7562731698283 3.60007132913349 -1.04736892662263 1 0 1 NA
"38" 1 3.77710552782314 1.04747784336819 0.621622449183847 1 1 1 NA
"39" 1 5.06540411091551 3.61615702120213 -0.335511707874095 1 1 1 NA
"40" 1 5.92122927919375 1.14179197028352 0.143363114522261 1 1 1 NA
"41" 1 10.1046793669454 2.17711043570454 1.45338689946721 0 0 0 1.13346173543459
"42" 1 1.62322917998242 5.82172528740499 -0.31285735525746 0 0 1 NA
"43" 1 38.3684893932945 10.4220981266933 0.280528328850777 1 0 1 NA
"44" 1 13.1964321550774 13.7823278070417 1.17902971635368 0 0 0 1.92354155931794
"45" 1 2.0319205837088 5.94137096902446 -1.55479076100355 1 0 1 NA
"46" 1 5.68741808229055 3.29720943127669 0.669188024663131 1 1 1 NA
"47" 1 9.63189768760838 0.251724433584756 0.537990856587743 0 1 1 NA
"48" 1 4.22256558133592 2.71812154243663 0.253724244890439 1 1 1 NA
"49" 1 7.81887572773232 3.002184378006 0.000709685698883667 0 1 0 3.05745548708148
"50" 1 3.60178041843728 0.189396179146786 1.12643145188709 1 0 0 0.650598309343644
"51" 1 2.66502914675759 7.62320395719585 1.83698859234841 0 0 0 1.90343157239098
"52" 1 12.3195154560394 3.85590251510167 1.0427736504938 1 0 1 NA
"53" 1 16.8472546246147 0.964706781171732 -0.350484900101701 0 1 1 NA
"54" 1 3.74403682912377 5.50216838156369 -0.0738976529286757 1 0 1 NA
"55" 1 10.282632813218 7.58643566482681 1.32105140101182 0 0 1 NA
"56" 1 6.87582278452334 0.40895084911893 -0.0806490016209466 1 1 1 NA
"57" 1 0.0923899880329099 1.56831217081938 1.36760412074238 1 1 1 NA
"58" 1 9.22684005714091 13.7221025495114 -1.07833854682263 1 0 1 NA
"59" 1 3.92906836574733 1.05316942026361 0.42544574643856 1 1 0 3.03268353618057
"60" 1 8.11788239575847 18.4512485774564 1.25292595510658 0 0 1 NA
"61" 1 12.9008738437863 1.86148071881693 -2.33739827822113 0 0 1 NA
"62" 1 8.06386992428444 7.63487348842883 1.65823927608624 1 0 0 0.296059092897194
"63" 1 13.4893661026414 12.7451190608148 0.168756804692538 1 0 0 4.02401991675577
"64" 1 24.1302877817382 2.17366576583442 -1.53814051400973 0 1 0 0.919850242038627
"65" 1 7.76859208300449 10.2096821319816 -1.98670448878222 1 0 1 NA
"66" 1 17.0569134954705 8.96332046666656 0.966341976543668 1 0 0 0.738521774970206
"67" 1 7.08499303199982 18.6244852370164 -0.387584198893534 0 1 0 0.820277405053155
"68" 1 0.669421871259754 2.82285975525733 0.431373662171315 1 0 1 NA
"69" 1 0.367366756897481 0.0502610311488099 -0.120523520165966 1 0 1 NA
"70" 1 1.5834244375867 1.61748308865647 1.44383529237378 1 1 1 NA
"71" 1 18.7098071691172 2.45881071224549 -0.670283810179565 0 1 1 NA
"72" 1 3.45545346980694 3.51572208140582 0.834514684936694 1 1 0 1.7761374557868
"73" 1 13.1633252425631 6.11606927788802 0.315975154501988 0 0 0 2.70822707898934
"74" 1 30.3897655915776 3.6466712685959 1.46853777259152 0 0 1 NA
"75" 1 3.7546077368033 4.61147106278637 1.11337475346819 0 1 1 NA
"76" 1 2.97487148529356 9.13695132098703 0.218679604491027 0 1 0 0.788450879777011
"77" 1 12.069171743954 18.695109040873 -0.11676075880374 0 0 1 NA
"78" 1 9.70914902804171 8.03448950599391 0.0530097762934918 0 1 1 NA
"79" 1 10.7242939477643 6.12376634954414 1.24689720232521 0 0 0 2.6301464059541
"80" 1 3.52499224894927 2.42622002518521 0.418537814092382 0 0 0 1.36190674045103
"81" 1 11.2178829025691 1.55447635661957 -0.176063236733657 0 1 0 5.14419673588246
"82" 1 9.50820650347843 1.02165916231242 0.238594476257072 0 0 0 4.22778827166376
"83" 1 11.3550272950017 7.17566769631159 -0.589652198782173 1 0 0 0.284592890919776
"84" 1 3.37205817544155 3.35423297285448 -0.758906264639516 1 1 1 NA
"85" 1 8.65852055209892 5.88095594518817 -0.237941001232077 0 1 1 NA
"86" 1 5.21394150394831 1.20840407106825 -0.494827262812223 0 1 1 NA
"87" 1 37.3533178083328 3.39258979563095 -0.611729381978581 0 0 1 NA
"88" 1 10.0234945691013 26.9574460600655 0.102817592893018 0 0 1 NA
"89" 1 3.40189092227705 4.61492400566427 -0.815697064938836 1 0 1 NA
"90" 1 6.85921396015249 28.7779196115971 -1.39177674254449 0 0 1 NA
"91" 1 1.8857155322454 6.52145353820325 -0.383690863034018 0 1 1 NA
"92" 1 9.64915428819737 3.49611544164648 0.517176596533705 1 1 1 NA
"93" 1 10.206172066125 9.62534607314928 0.276952981754205 0 0 0 3.98868249528859
"94" 1 17.306144660212 44.7071114519723 -0.0240684831739022 0 0 1 NA
"95" 1 1.62961499088408 3.77320600082704 -0.884019439235397 0 1 1 NA
"96" 1 7.42005194338175 2.53921008326603 -1.435441354561 1 0 1 NA
"97" 1 8.83019544365448 6.0239060956626 -0.193950943429838 1 1 1 NA
"98" 1 17.5322721569799 8.84582823646316 0.400347086649987 0 1 1 NA
"99" 1 15.5529794132538 10.1003464574848 -1.73005838713527 0 0 0 5.05947880231922
"100" 1 4.50574462481115 5.69781307784298 0.980185927145302 1 0 0 1.99949367529599
"101" 1 40.6223868347258 24.4230316779061 -0.583454263813523 0 0 0 2.78177585177152
"102" 1 5.91538894031124 6.49342888559155 -0.676135980551784 1 1 0 3.3443226551888
"103" 1 10.8633680153832 10.5009446375621 -1.17791980611506 0 1 0 5.18916657646445
"104" 1 2.11237184665012 5.85514828083025 -0.809970335808734 0 0 1 NA
"105" 1 3.68804780789147 9.89920554270969 -0.678870996429574 1 0 1 NA
"106" 1 18.2206531149528 5.48885582208058 -0.0426519077966709 0 0 1 NA
"107" 1 4.36015346247763 10.2725945668258 0.0322472883392422 0 1 0 0.28356936462339
"108" 1 2.07852037916484 6.01643992926702 0.530478784229567 1 1 0 0.562750136993903
"109" 1 4.43686791549135 19.1095970080255 -1.2836628645551 1 0 1 NA
"110" 1 14.1025031756612 0.158483401101688 -0.262793447491191 0 0 1 NA
"111" 1 12.2646894481472 1.3639416755445 -1.11589645053024 1 1 1 NA
"112" 1 14.2230604492861 13.323122209335 -0.102560459494682 0 0 0 0.703109189769324
"113" 1 2.31297486978901 0.823176299898964 0.151603856740893 1 0 0 0.714431045223627
"114" 1 2.4094668502023 17.9314851787902 -0.91767818290015 1 0 1 NA
"115" 1 65.7022994471646 6.33388713776738 -1.97384552378084 0 1 1 NA
"116" 1 7.96981055237366 3.22718847042104 0.144563637337378 0 1 1 NA
"117" 1 5.40871725665667 3.71574950977965 -0.030028553139599 1 0 1 NA
"118" 1 13.1912580701834 0.52051141262721 -0.281616618753984 0 0 1 NA
"119" 1 5.33999321466409 0.148181462751778 1.62931968578795 1 1 0 1.29055224925265
"120" 1 6.38820784993791 11.788257108145 -0.256185543047699 0 0 0 1.40018991517858
"121" 1 22.6963546829597 4.47406853506626 0.11829953121734 0 0 1 NA
"122" 1 4.0848878262291 1.9771308366869 1.84217721925181 0 0 1 NA
"123" 1 2.05881942051285 5.35928497933453 0.577973291343925 1 1 1 NA
"124" 1 8.45750145224804 1.97344025966464 0.920293713476278 1 0 1 NA
"125" 1 1.840614250377 5.94674331356332 -1.04532398570264 1 0 1 NA
"126" 1 23.1028518968886 65.8233075529277 -1.2054695246296 0 0 1 NA
"127" 1 5.20855390317019 0.0458683721837051 -0.51155665809279 0 0 1 NA
"128" 1 9.34806677736337 1.14699597095703 -3.21178599184436 1 1 1 NA
"129" 1 13.3604494482612 11.9461877487167 0.747315219255773 0 0 0 4.56925737184108
"130" 1 7.09340082305669 2.67394720556994 -0.443184647834227 1 0 1 NA
"131" 1 1.97085842115717 8.42748963332869 1.36956754554271 0 0 1 NA
"132" 1 23.7820013266378 28.7809001583441 -1.75662740515089 0 0 1 NA
"133" 1 17.0118372280623 1.82719359704792 -0.519173525077026 0 0 0 1.32744824342203
"134" 1 24.2016857144242 4.83121355647918 -0.0449649617069244 0 0 0 4.51863410925615
"135" 1 9.97903277982611 9.27387448124076 -0.635134936380019 1 1 1 NA
"136" 1 9.20564374106303 0.696429003467908 0.435492934088017 0 0 0 3.09755728223164
"137" 1 2.36444289536837 17.5180629138277 -0.28723018778478 0 0 1 NA
"138" 1 6.52598003008362 3.949953434814 0.503471529142499 0 0 0 1.52710057887031
"139" 1 0.955198593798595 2.33394338826145 1.82772393657718 0 0 0 0.805563690565011
"140" 1 7.83022028524028 2.67813311981541 -0.151187452002495 1 1 1 NA
"141" 1 8.68954460625365 5.01798905143869 0.649395677203995 0 0 1 NA
"142" 1 13.0620631377885 4.29789439478 -0.519452171427084 0 1 1 NA
"143" 1 7.98840407693172 7.41929947249462 0.486582453202014 0 0 1 NA
"144" 1 4.91165511827693 1.77093380084818 1.49933024989126 1 1 1 NA
"145" 1 6.06359214235087 5.95793030020218 0.0136917254486014 1 0 0 2.6184436287914
"146" 1 5.18879651977619 1.3905819764531 0.473584127625955 1 0 1 NA
"147" 1 18.0504606085597 9.26445355340835 -0.97540741630135 0 0 1 NA
"148" 1 1.19805263423373 5.87000209546022 0.799731928340429 0 1 1 NA
"149" 1 17.0440742929219 4.76160904914035 0.622929423354079 1 1 0 0.828047125046115
"150" 1 4.10994480196641 8.37725984227438 1.49758549372649 0 0 1 NA
"151" 1 8.10126526115078 1.69940044029228 -1.34753764044975 0 0 1 NA
"152" 1 1.44534454508007 3.69650970109352 -0.144222657405887 1 1 1 NA
"153" 1 12.9258420234004 0.405813448759322 0.6498966994978 1 1 1 NA
"154" 1 13.4425315188508 13.0253344471887 0.479823667029125 1 0 1 NA
"155" 1 0.641124569898339 22.6528604931303 1.12182347054075 0 0 1 NA
"156" 1 5.8010499547092 1.83297695023293 2.07399303457411 0 0 0 2.3462141134805
"157" 1 13.1532454873455 10.0263259255646 0.027163130834015 1 0 0 1.50912388245785
"158" 1 3.98889558516943 2.78264986871652 -0.367938609854914 1 1 1 NA
"159" 1 13.9140913095881 7.83914926098642 1.33795047059337 0 0 1 NA
"160" 1 21.8806848311598 15.4349365723275 -3.03311760002219 1 0 1 NA
"161" 1 14.5420112361273 9.79139767209527 -0.815777136251821 0 0 1 NA
"162" 1 34.9112324471263 15.2714491849393 -0.426875582846495 0 0 1 NA
"163" 1 3.44764049530566 29.7408915587391 -1.91525163069841 1 0 1 NA
"164" 1 7.14374178076854 4.63555124027763 -0.893925591342506 1 0 0 5.2868678802652
"165" 1 9.35300060100864 9.20498761769491 -0.394440311942373 0 1 1 NA
"166" 1 4.8760035283975 0.690236320239772 0.457632939592711 1 1 1 NA
"167" 1 5.58977468629188 2.06729110340332 1.17364331833033 1 0 0 3.92729195345678
"168" 1 5.44180409437686 6.9893587824699 -0.457210684184466 1 1 1 NA
"169" 1 9.11344880440168 27.6728775179665 -1.09845879266576 0 0 1 NA
"170" 1 12.2080317381257 9.98999358360609 2.84383413863557 0 0 0 1.73583620228979
"171" 1 29.7882500319383 13.4199162753808 -1.1147131955946 0 0 1 NA
"172" 1 0.483317872789662 1.42722820212207 0.890044246197001 1 0 1 NA
"173" 1 8.1235676981364 2.28989833965191 0.500864469585545 1 0 1 NA
"174" 1 8.96781659816395 8.52001012465102 0.400467616987243 0 0 0 1.5444434229512
"175" 1 12.6945974254633 2.98700097773057 -1.24924522614354 1 0 1 NA
"176" 1 8.39928249326547 5.79229842559015 0.643672082832163 0 1 1 NA
"177" 1 2.39598187781092 4.69880000984611 0.803080324375682 1 0 1 NA
"178" 1 3.59602726893041 6.26726159775711 0.407432914063049 0 1 1 NA
"179" 1 13.3008220132386 20.1561910872593 -0.465901903115501 0 0 1 NA
"180" 1 10.3027949547703 0.451318195512721 -0.412648858033807 0 0 0 3.21428832494607
"181" 1 8.77689634932024 6.85873695883815 0.853580325497364 0 1 1 NA
"182" 1 5.8317383995036 0.0915462067635283 -0.0832397653159719 1 1 1 NA
"183" 1 19.8532552744863 1.76664580889255 0.853968738552315 1 0 1 NA
"184" 1 11.2292095191985 10.8968462896027 -1.75869326271416 0 0 1 NA
"185" 1 3.1842655517353 8.87909266028232 -1.2080072883289 0 1 1 NA
"186" 1 4.92593215826049 14.2662812084542 -0.878423637985579 1 1 1 NA
"187" 1 2.20773918919092 2.1923606100463 1.18982331993412 0 0 0 0.336113044432844
"188" 1 2.61704562348047 2.40754461501883 0.115057909547627 1 1 1 NA
"189" 1 42.5488019945996 5.48868722356169 -1.31104155536843 0 1 0 1.10811046274815
"190" 1 7.30690899325072 8.90657927059327 -0.829237022023433 0 0 0 2.41712469643147
"191" 1 3.09242817751408 6.08993762523789 0.406944432210043 1 0 1 NA
"192" 1 35.2922480120536 6.66862351053947 1.41060412063243 0 0 0 0.344931830291995
"193" 1 35.5268997098145 3.001606297813 -2.21509807459923 0 0 1 NA
"194" 1 5.99928678135809 9.25220977190121 1.18521577080087 0 1 1 NA
"195" 1 1.59058140763548 13.9812035725041 0.107627591662896 1 0 0 1.53279087833996
"196" 1 13.6459649253903 1.17524356657089 0.926051190554593 0 0 1 NA
"197" 1 30.7862101395814 0.613140624762287 0.221096379023292 0 0 1 NA
"198" 1 14.5770257714195 1.41910734916009 0.27742188002959 1 1 1 NA
"199" 1 11.5771794529799 16.820892288677 0.306524618556593 0 0 1 NA
"200" 1 0.903285073207522 0.603160851182506 0.43245799499674 1 0 1 NA
"201" 0 0.0339720296695111 0.389153549022674 -0.262336211914825 1 1 1 NA
"202" 0 2.60022727725729 1.33873386305252 2.38264045533359 1 0 0 1.68640180044789
"203" 0 0.752097016104471 3.95418687991637 0.668793641456198 1 1 1 NA
"204" 0 9.96538952305126 2.87330767329867 -1.06753947324113 1 1 1 NA
"205" 0 7.40522154815411 6.66363185990005 -1.71145737572452 1 1 1 NA
"206" 0 2.75847960597397 2.0951202093921 0.707680365302242 1 1 1 NA
"207" 0 1.50114476708206 1.84920076048946 0.256198494223523 1 1 1 NA
"208" 0 2.85755917473115 4.28028881538339 0.885404405940675 1 0 1 NA
"209" 0 6.90650438676331 5.79883630158508 -1.3964457370669 1 0 1 NA
"210" 0 11.5381862204338 1.60902103133972 1.09663229499733 0 0 1 NA
"211" 0 17.2799159058924 4.97242716706428 0.0897903546033443 1 0 1 NA
"212" 0 8.23799590308404 2.99159577256818 -2.07597454252232 1 0 1 NA
"213" 0 6.68022986320477 9.92008807775096 -0.142367876361343 0 1 0 4.39393425622109
"214" 0 7.16833616807518 2.56806064086444 -0.711114736325435 0 0 1 NA
"215" 0 21.14005727907 4.46360692248674 1.27028533069078 0 0 0 0.771419352826271
"216" 0 6.24409137528817 21.4933107091976 -1.82436625516849 0 0 1 NA
"217" 0 4.47812047725585 2.96677032182618 0.167936454971654 0 1 1 NA
"218" 0 19.202773043948 9.8558970798502 0.212795335372204 0 1 1 NA
"219" 0 2.1903815699229 9.57460549757834 -0.710861921642808 1 1 1 NA
"220" 0 6.46285309650893 3.34298410435241 -0.154686804733734 1 0 0 0.714793708107136
"221" 0 0.954787545093285 6.8420975349223 -0.180562825385768 1 0 1 NA
"222" 0 9.51290123132735 41.8400322925517 0.116946641577461 0 0 1 NA
"223" 0 12.2715552789858 14.9997285331879 -1.50906194245782 0 1 1 NA
"224" 0 2.63607638170369 18.0666891468128 -0.127157998598384 0 0 1 NA
"225" 0 3.62367288444324 34.2375822941196 -0.255185742051802 0 1 1 NA
"226" 0 6.59627244331594 1.07705158717017 -1.03658295808279 1 0 1 NA
"227" 0 10.1561342690664 16.4345225340515 1.22756822284454 1 0 1 NA
"228" 0 7.49214921038069 1.78042670214131 0.0529264902300103 1 0 1 NA
"229" 0 57.1775328476539 15.9065230214517 -1.11859928918782 0 0 1 NA
"230" 0 4.98185116452648 11.9554486878388 0.419615348740688 0 0 0 1.84229397905182
"231" 0 9.80477226514942 3.23433820074623 0.70219515303458 0 1 0 1.98166584314552
"232" 0 14.0687130667472 1.82639881683819 -0.53407710987616 1 1 1 NA
"233" 0 2.58895164676314 7.3503340073613 -0.112839155559777 0 1 0 2.47710487477534
"234" 0 22.4151671071014 11.6446952270294 0.47450574870817 0 1 1 NA
"235" 0 6.3915554562683 0.873936040366666 0.0352048725385279 1 1 1 NA
"236" 0 9.97353202588713 2.97889271006018 0.39318457217242 0 0 1 NA
"237" 0 3.070697425767 0.920606855163525 -0.500730074432735 1 1 1 NA
"238" 0 0.796303553760685 4.80224387617368 0.965004753432543 0 0 1 NA
"239" 0 5.88383725229436 8.75549557898863 -0.502467287670825 0 0 1 NA
"240" 0 1.27419584906505 7.00068129529065 -0.533320491282695 0 1 1 NA
"241" 0 5.01920965891907 12.8525028284678 -1.0471206836871 1 0 1 NA
"242" 0 2.29528175694822 8.98438544585213 1.20379496660896 0 1 0 2.05286536879632
"243" 0 35.110446121941 10.9611372841008 0.749002214997506 0 0 0 0.881815209216083
"244" 0 2.50054752960959 4.08905803084298 0.24864719181206 1 1 1 NA
"245" 0 4.90193685433722 8.17378802711387 -0.06879283618558 1 1 0 0.822099562021654
"246" 0 2.23178636926197 1.84811729162112 -0.520845659361142 1 0 1 NA
"247" 0 11.6778465246334 18.1089468821165 -0.759619491120375 0 0 0 1.11660774687734
"248" 0 9.45908046262319 3.36300205319182 0.228631305569727 1 0 1 NA
"249" 0 18.5218484655071 7.57522757537793 1.42476005905556 0 0 1 NA
"250" 0 0.757630425339964 13.5637996736066 1.26281182536089 1 0 1 NA
"251" 0 0.975024169663459 11.2278944776212 -0.47831757180568 0 1 0 0.787379235697383
"252" 0 19.3817438345854 52.3693284668885 -1.37178423657999 0 0 0 3.41614014684834
"253" 0 8.62371626613924 1.99600227684636 -0.0128831066812828 1 1 1 NA
"254" 0 4.83485428393882 5.32412690082047 -0.578869888629297 1 0 0 1.35813798598691
"255" 0 6.3706611729745 0.580605431443341 -0.158308951637292 0 0 1 NA
"256" 0 5.01033808832743 2.50563668317061 0.195417139678871 0 1 0 0.179935817298952
"257" 0 2.74252028559005 1.22121034395205 2.03509938923846 1 0 0 1.72949345749529
"258" 0 2.52404269728528 32.3097336416354 -0.575148589015648 1 0 1 NA
"259" 0 28.2715013087966 21.2952397008035 1.23588823018522 0 0 1 NA
"260" 0 3.46539800849801 22.0069339405101 -1.30046278096476 0 0 0 1.40011446582029
"261" 0 8.85790965106249 1.1600896026364 -0.0623575777644431 1 0 1 NA
"262" 0 0.568475556617331 3.5423828069918 0.039128201264233 0 1 1 NA
"263" 0 7.44607184954409 12.3630320292899 0.332549112854595 0 0 0 2.58877673559099
"264" 0 5.63113552120534 3.55067491501383 -1.1160924597897 1 0 1 NA
"265" 0 28.3148598428397 41.1715135214037 0.869487177829609 0 0 0 0.791335599059462
"266" 0 11.5858547265796 1.10253174358854 -0.351145200852079 1 0 1 NA
"267" 0 39.2932114416306 2.68399455931854 0.904807116122921 0 0 1 NA
"268" 0 5.92673160762856 1.38411408266487 1.30580980917802 0 1 1 NA
"269" 0 8.75882654001344 5.11387462579967 0.0487242465560544 0 1 0 1.9398155374289
"270" 0 6.53622524073476 5.52765723064808 -1.57402528636971 1 0 1 NA
"271" 0 1.82980127758146 1.78949243987671 0.00477448925608695 0 1 1 NA
"272" 0 27.7386695333663 18.416282844085 -0.861066233711444 0 1 1 NA
"273" 0 7.10381148411991 10.1680540553225 -1.15792807370362 0 1 1 NA
"274" 0 39.9033980990652 11.8285206039277 -1.00360770602225 0 0 1 NA
"275" 0 11.1586884703731 9.6664296227108 -0.808697463182139 1 0 1 NA
"276" 0 3.52667044547687 5.96738041079114 0.749278691234573 0 1 0 2.0734210571812
"277" 0 12.61263435758 5.87742176503311 0.864837140650691 1 0 1 NA
"278" 0 10.3879281095321 10.1534592842274 -0.539484908260171 0 0 1 NA
"279" 0 38.2480848088875 0.806598164599843 0.328818406490008 0 0 1 NA
"280" 0 5.31707323693116 1.48276100844069 -0.661623466847602 1 0 0 3.62113971722809
"281" 0 3.81022853415381 6.124786463062 -1.61816218686472 1 0 1 NA
"282" 0 9.24122635233123 13.1256862414425 -0.123108194808174 0 0 0 2.08376020258521
"283" 0 2.19393204181818 3.91862508161619 1.61790152857677 1 1 1 NA
"284" 0 6.11241807904588 1.71233993431037 1.5268786517354 1 0 1 NA
"285" 0 5.61671166813497 4.91049827642433 1.82767011081348 0 1 0 0.541651351794321
"286" 0 4.80817889315332 1.37012394833362 1.24640570056805 1 1 1 NA
"287" 0 7.07357189200941 45.5082513901296 -0.750102518491357 0 0 1 NA
"288" 0 8.90407402609741 2.8055789368525 -0.409675928027368 0 0 0 2.00850337322215
"289" 0 1.91322551206011 5.45980902706479 2.19933466636649 0 1 0 1.36394019891192
"290" 0 10.8900411913371 1.69997094431012 2.00460018571249 1 1 1 NA
"291" 0 14.6049245066259 6.80618890476031 0.392502829749068 0 0 1 NA
"292" 0 10.662237390951 4.60989787713672 -0.583431813125231 1 0 1 NA
"293" 0 1.87714988573226 1.92303277350569 2.32911785385644 1 0 0 1.80267500051758
"294" 0 3.76776787402075 3.29994773859343 -0.0671818277660586 1 1 1 NA
"295" 0 3.19949796783331 2.46638225363234 1.20477704884144 1 0 1 NA
"296" 0 7.34173623960836 10.7320075854322 -0.47844670402194 0 0 1 NA
"297" 0 5.48459003380656 1.73542706010918 1.32070515886016 0 1 0 0.801745412142379
"298" 0 11.5906589588756 2.06086299476203 -0.549776389256365 1 0 1 NA
"299" 0 4.64797042437903 0.856866643712678 0.8671196820572 1 0 1 NA
"300" 0 3.17743711091736 3.63821184940483 0.85856629309935 1 0 0 1.00153058129978
"301" 0 21.7742742781303 2.15682273489275 0.399985032065826 1 0 0 1.23010442062998
"302" 0 16.8037086688759 31.348303935654 -1.64684395770718 0 0 0 4.22834232641333
"303" 0 7.68794356233808 11.6042634310354 -1.75061642017581 1 0 1 NA
"304" 0 14.9077427538886 6.67151642038564 -0.784454807077341 0 1 1 NA
"305" 0 5.57038916033833 17.0683183583547 -1.05887780079382 0 0 0 1.93389253792323
"306" 0 22.6146810406955 47.2241397116941 -1.00663389608721 0 0 0 1.74689978019393
"307" 0 4.757279697877 5.64000829829431 0.140845626231809 0 1 1 NA
"308" 0 25.9759426809228 0.399950135380059 0.335126387898497 0 1 1 NA
"309" 0 8.3590325933714 2.94895926948558 -0.79115471960581 0 0 1 NA
"310" 0 12.5102520247242 1.38836291700553 -0.0151891490535873 0 1 1 NA
"311" 0 6.22837517926757 1.13978083242419 -0.741338373629353 0 0 1 NA
"312" 0 14.8259779818433 0.16799590994557 0.89502145995509 0 0 0 1.27111811731637
"313" 0 17.8755658576648 7.29756026733049 -0.565272494196429 0 1 1 NA
"314" 0 3.05903205831722 0.973146369177656 0.0759528641889126 1 1 1 NA
"315" 0 10.7552983003435 9.99828246085768 -0.266550075823124 1 0 1 NA
"316" 0 0.364537761818711 2.4938690781899 0.853238365235514 0 0 1 NA
"317" 0 8.02714754052967 2.42896208041992 0.489622131798166 1 0 1 NA
"318" 0 2.8246980582779 2.84351596100112 0.300069098310084 1 0 1 NA
"319" 0 1.55026203767482 13.2700643649444 -0.995569797106363 1 0 1 NA
"320" 0 30.0697104415147 20.276149441943 -1.67275410893346 0 0 1 NA
"321" 0 2.80776383900564 6.21945609456606 -0.0471496011983484 1 1 1 NA
"322" 0 22.6947717413323 3.93691724863161 -1.82003807169379 0 0 1 NA
"323" 0 3.43860592800794 3.77092423765854 -1.61775342113998 1 0 1 NA
"324" 0 28.8795200684605 2.55545931218596 -0.965062483430938 1 1 0 0.577742292311298
"325" 0 4.53011453978567 7.68558575849988 1.2416752864171 1 0 1 NA
"326" 0 2.81853798991539 12.3964125959302 0.481132950189253 0 0 1 NA
"327" 0 7.8701755299418 9.78371489913411 -1.75055925948602 1 0 1 NA
"328" 0 4.79219022587638 10.0762438624286 1.20796277381787 0 1 1 NA
"329" 0 4.57666604717206 28.8051545916924 -0.314897400636283 0 0 1 NA
"330" 0 1.78221784425511 2.89159648190889 0.327417255166668 1 0 1 NA
"331" 0 3.25528918391927 5.47858613738496 0.297661958474478 1 0 1 NA
"332" 0 9.88548831795318 11.5685827666659 -0.254373781673028 0 1 0 0.963914466420715
"333" 0 9.07486351096243 1.77813907069952 0.0148681869769338 0 1 1 NA
"334" 0 6.93335596471699 11.5954326539117 1.12841627278906 0 1 0 0.8224331665708
"335" 0 12.1883026991305 9.89772272169147 -0.131572073852894 0 0 1 NA
"336" 0 3.2877127550275 6.38230219631838 0.157249937128428 1 0 0 1.28076610008586
"337" 0 9.56680841240767 1.05215912032174 -0.0796669557897863 1 0 1 NA
"338" 0 3.76499587423708 6.20742790013927 1.72584371335006 0 0 0 3.28905593060684
"339" 0 1.22660478189395 1.42547456056122 0.435357259963764 1 0 1 NA
"340" 0 6.9076938184418 6.39634805760655 -0.473053475901691 0 0 0 2.80495840888853
"341" 0 14.7238738543626 12.9578424927029 1.16265368071303 0 0 0 0.247484709896894
"342" 0 7.32320946405194 18.0413798030828 -2.17944206841481 0 0 1 NA
"343" 0 8.799423796507 4.72570601960954 0.397716623715981 0 1 0 0.641752535995164
"344" 0 1.29385845307511 2.06393616609465 1.46370362517883 1 0 1 NA
"345" 0 1.32326937503999 9.53438657699243 -0.621274012541913 1 0 1 NA
"346" 0 7.45423910512311 5.93469966033235 -1.10311990439423 1 0 0 4.05719224599823
"347" 0 2.54259043960663 6.0866039741221 0.993107006510341 1 0 1 NA
"348" 0 2.34296778699314 68.6668828052135 -0.635152360535618 0 0 1 NA
"349" 0 26.1124646145007 3.25835901701795 -1.21711357034063 1 0 0 1.0809006513613
"350" 0 24.0402964634873 26.1209604037521 -1.3833809168149 0 0 1 NA
"351" 0 7.1968543571825 0.505807551616634 1.45766895524185 1 0 0 2.27097290762261
"352" 0 13.05066457063 5.73389386370989 -0.180471035669453 1 0 1 NA
"353" 0 6.46582875955555 2.38917996943531 -0.305529846797869 1 0 0 0.976734933799058
"354" 0 5.6592592609091 1.58485445659776 0.650056876675712 1 0 1 NA
"355" 0 9.27349356832551 9.30095248990953 0.466208836105095 0 0 1 NA
"356" 0 1.84234494715027 40.451453225875 -0.348793705122817 0 0 1 NA
"357" 0 2.05668890907976 2.25855139351416 -0.511143613382612 1 1 0 0.318206692367196
"358" 0 0.268782540907505 3.76406255599733 1.02549822855903 1 0 1 NA
"359" 0 1.0135679108294 6.12291634191596 -1.17756894006329 0 0 1 NA
"360" 0 2.79957555093383 1.68391105490673 1.25295395640105 1 0 1 NA
"361" 0 11.7205501945589 6.98362693224005 0.645038474320697 0 1 1 NA
"362" 0 8.12798639529791 2.14284367442433 2.33436878968908 1 0 0 1.44929041538969
"363" 0 2.91184189201444 0.842346608713199 -2.87861537879868 0 1 1 NA
"364" 0 7.31918973336857 3.59311509395601 -0.313290292969225 1 0 0 1.70186620633779
"365" 0 8.01349260149206 0.570307864567188 -0.0369516593251881 0 1 1 NA
"366" 0 14.2360870391932 1.2375753312114 -0.959356410284788 1 0 1 NA
"367" 0 8.61534709181447 9.58104032345571 0.500171856006366 1 0 0 0.302464846128789
"368" 0 8.03866347123326 1.32096267069289 0.934174834440739 1 1 1 NA
"369" 0 18.2925905858422 0.172064357373954 0.395482892782397 0 0 0 1.27830935195546
"370" 0 12.6913453022988 3.32850104410506 -0.775722612271079 1 0 1 NA
"371" 0 9.13952892279958 1.39832832273559 -0.517536813000167 1 0 1 NA
"372" 0 33.4898250992004 7.75805115270488 -0.735918345841882 1 0 1 NA
"373" 0 11.3495286680542 4.18282929877582 -1.23455368992582 1 0 1 NA
"374" 0 4.01911699406767 10.1489182181119 0.47448392005782 0 1 1 NA
"375" 0 2.80443521483826 1.05633236635263 0.483202661957639 1 0 1 NA
"376" 0 6.97048468844219 0.391783058195524 -1.15502821069344 1 0 1 NA
"377" 0 44.6447347560813 27.9198876270271 0.503936754806342 0 0 1 NA
"378" 0 5.249711486208 12.4499313342128 -0.464694764859437 1 0 0 0.335091421259449
"379" 0 7.31901000983019 0.321356522488613 2.88884571459058 0 0 0 0.433565015804617
"380" 0 1.67649068270419 2.44207785393015 -0.84450327897943 0 0 1 NA
"381" 0 5.8688202828519 5.45727156823439 0.154001427233775 1 1 1 NA
"382" 0 8.24554358402924 2.18539579422548 -0.405011658791644 1 0 0 0.892547770129483
"383" 0 39.9562414963657 2.14588847027859 -0.71431177742352 0 0 0 1.09841573448282
"384" 0 1.84123446820424 2.1658834472609 -2.18081953873773 1 1 1 NA
"385" 0 13.7866577714478 2.24319709121832 0.157894526921208 0 0 1 NA
"386" 0 4.76897262347075 1.86764986984385 -0.256729554150319 1 0 1 NA
"387" 0 21.6827665236155 4.63572735483854 0.508220429019737 0 0 1 NA
"388" 0 29.5998063898068 6.34427642944998 -1.04585400077283 1 0 0 3.58288301766476
"389" 0 15.1891069576814 1.06764789927639 1.1341091585721 0 0 0 2.00212301430619
