"Z" "Y1" "Y0" "x1" "x2" "x3" "ID" "D"
"1" 1 33.3865308883709 0.445037322745118 -1.46119397578071 0 0 1 NA
"2" 1 14.6153932715091 11.3737746745886 -0.144115571267913 0 0 0 6.89179834026533
"3" 1 5.86241376106334 9.579977374775 -0.916080102970016 1 0 0 5.04128260703652
"4" 1 6.8349593328585 6.82513304621876 0.159635972160042 1 0 0 0.89069565335059
"5" 1 9.77184740640977 26.6265362180743 -1.20625638873466 1 0 1 NA
"6" 1 8.92338469351646 18.5969835231486 0.117274302459681 0 0 0 1.29024628433069
"7" 1 14.0680297920221 21.3567051548506 -0.143524580067022 0 0 1 NA
"8" 1 4.72229374893382 5.8105241757065 0.313887040239679 1 0 0 1.38482876152364
"9" 1 0.562694510095212 7.79633522063874 0.88263692011966 1 0 0 0.309830389835178
"10" 1 0.97255060378013 3.30266849468964 -0.554983088426019 1 0 1 NA
"11" 1 7.066045233567 2.35790532332687 1.75200934400264 0 1 0 0.535321855336303
"12" 1 2.78112157778528 5.3118530973178 -0.312982642298272 1 1 0 2.64734586291726
"13" 1 12.4362776744869 25.2303536276081 -1.30539690737206 1 0 1 NA
"14" 1 6.30503211992383 4.60685274014136 -0.301545230642056 0 0 1 NA
"15" 1 28.1222559778185 25.1095915328222 -0.0366059673717928 0 0 1 NA
"16" 1 0.306020846815789 0.419180803727342 -0.664132606347724 0 0 1 NA
"17" 1 2.74500901725843 0.147258654673783 0.761760039700717 0 0 1 NA
"18" 1 25.3114820455101 7.28861780601497 -1.46053345437769 0 0 1 NA
"19" 1 1.9414208091062 12.9433212796016 0.214388894829616 1 0 0 1.44607680503615
"20" 1 4.56052082270176 27.3203222801347 1.35950846219618 0 0 1 NA
"21" 1 9.13041598861431 4.75969568889421 0.282308995879429 1 0 1 NA
"22" 1 0.912773776075421 30.5164584426628 -0.889900991899841 1 0 1 NA
"23" 1 4.13422716609982 35.5760284984148 0.342261867643012 0 0 0 2.2427966681414
"24" 1 9.99026369869454 3.49790885840752 0.999939959198167 1 0 0 3.24570726796355
"25" 1 3.82165095511194 12.9978606712259 -2.07173121236475 1 0 1 NA
"26" 1 1.95660734820121 4.35323284097136 0.541225044630323 1 0 1 NA
"27" 1 18.5520800824267 5.94136383715385 0.302775830941101 0 1 0 1.34002260527991
"28" 1 3.39160718354749 13.1493274817806 -0.603916998072325 0 0 1 NA
"29" 1 1.9048731467351 1.40411401931257 0.791132472473259 0 1 1 NA
"30" 1 2.16814071195577 9.893288958552 0.372212359022835 0 0 0 0.580101554996582
"31" 1 6.79834149959451 1.4077636402557 0.371353333892346 1 0 0 0.482823690158617
"32" 1 2.7195730380944 1.12769943651744 1.88251105803875 1 0 1 NA
"33" 1 15.0707012101095 8.32048020635527 -0.236092244846641 0 0 0 5.28991906168971
"34" 1 2.37364660665056 8.20692572797267 1.33831052715104 1 0 1 NA
"35" 1 3.28993968491829 6.58171306183144 -0.568346533349669 1 0 0 1.06920769904199
"36" 1 3.41284603501695 6.29689245350343 -1.65788287470429 1 1 0 3.16508389441694
"37" 1 5.78721437343325 7.07513445530668 1.3090206169317 0 0 0 0.774391787041061
"38" 1 15.1691354970681 14.9705886073955 2.01907382334243 0 0 1 NA
"39" 1 17.7294272151564 3.61348113305679 -0.5221253903209 1 0 1 NA
"40" 1 11.5535619719951 7.81942010319339 -1.43095190875106 1 0 1 NA
"41" 1 3.77168981165509 11.8960426018491 0.195715215807865 1 0 0 2.3765440311821
"42" 1 2.05108984409053 9.65664158202835 -0.367056421044628 1 1 1 NA
"43" 1 10.7996057979249 29.7581202362344 -0.781349555899863 0 0 0 4.78030092383532
"44" 1 4.34285254872483 0.170158847495649 1.14381085417309 1 1 1 NA
"45" 1 6.08146561255867 24.2885727339493 -0.381947525641135 0 0 0 1.33523602522629
"46" 1 12.4062851397139 1.09269614723212 -0.138710110619643 1 0 1 NA
"47" 1 2.56763050996459 7.14860199391953 -0.0844373916329578 1 0 1 NA
"48" 1 11.9586414668988 15.4891213111212 -2.39966835826819 1 0 1 NA
"49" 1 2.5359786809073 7.80296539833392 -0.0424573137585823 1 1 1 NA
"50" 1 4.58042801219125 37.2302917403623 -0.504007646173692 0 0 1 NA
"51" 1 3.15841525172479 3.15229369749845 -0.75134353475749 1 1 1 NA
"52" 1 6.55769324859927 6.94150503762759 0.168979482230769 0 0 0 2.36965770598406
"53" 1 0.509055479805522 12.0203359680484 -0.475483857557667 0 0 1 NA
"54" 1 8.46937234339392 7.70838937977195 0.251714543639331 0 0 1 NA
"55" 1 7.77814782754474 0.355594037569181 -0.752419970031324 1 0 1 NA
"56" 1 0.214849602139708 0.415929029642337 0.182360851340436 0 1 1 NA
"57" 1 1.33361041796772 10.5678528899639 1.67403709303586 0 1 1 NA
"58" 1 7.18025343642354 3.49328800813528 -0.023617876836556 1 0 1 NA
"59" 1 17.0581307334642 2.78512404923534 -0.329351325638024 0 0 1 NA
"60" 1 4.14476718595747 7.86029581741938 -0.468297239255768 0 1 1 NA
"61" 1 6.30292677130862 1.27749658300614 0.289055035056868 1 1 1 NA
"62" 1 10.6845699080285 0.772896338255045 0.6259196026564 0 1 1 NA
"63" 1 14.5993333409883 2.40906414027494 0.562279617028206 1 0 1 NA
"64" 1 8.81193298302248 23.7904454688405 -1.44672130943022 1 0 1 NA
"65" 1 10.693743561571 11.8996665021534 -0.89346698158437 0 0 0 6.89257955390974
"66" 1 5.43280026021775 8.40449105184126 1.34456833481736 0 1 0 0.27517088630008
"67" 1 13.6025300292468 10.2900237129965 -0.59053830391877 0 0 0 1.14041712135211
"68" 1 5.05520167290125 30.6013185397718 0.234351196823449 0 0 1 NA
"69" 1 3.91055020685418 1.0569388649969 0.660450778379255 1 1 0 1.00714204145043
"70" 1 15.3319083130482 3.20050491702761 -0.897501683379078 1 0 1 NA
"71" 1 12.6901834024174 22.1113749330898 0.356556543997505 0 0 0 5.34880610998867
"72" 1 3.26784444246696 1.47562536369025 0.953237583860193 1 0 0 0.831413817637244
"73" 1 5.69664700726597 0.490649668803594 -0.943973225062212 1 0 1 NA
"74" 1 1.89766962723389 4.30182124210749 1.26629693887548 0 1 0 0.715600717492578
"75" 1 4.76671905432713 14.3288430040006 -0.46198180188122 0 1 1 NA
"76" 1 14.5268709122915 39.2962995084972 -0.729574530585763 0 0 1 NA
"77" 1 4.43876385421292 6.44999632648791 0.0689591867149324 0 0 0 1.74796503727715
"78" 1 9.84344044498295 15.9762075445651 -1.09082152035231 0 0 0 3.63046539482832
"79" 1 10.5188218393387 6.17088302177407 -1.21163174765898 0 0 0 2.10060538387401
"80" 1 12.4336427265385 11.4561713952507 -0.789567277691108 1 0 1 NA
"81" 1 5.75320198068719 10.3222962926814 0.901328061622565 0 0 1 NA
"82" 1 7.00821187898891 5.00244339541198 -1.04202391490385 1 0 0 3.15563481370522
"83" 1 5.81275336229367 1.09257914452833 -1.21252461121543 1 0 1 NA
"84" 1 20.1140484311754 27.7752077297887 -0.274188406126636 0 0 1 NA
"85" 1 2.07273417977527 9.1750119962404 -0.243370376388419 0 0 1 NA
"86" 1 7.14736240917467 0.928059522541957 -0.149087554655456 0 1 1 NA
"87" 1 9.39557756535429 2.22812224043127 -1.09566447943506 0 1 1 NA
"88" 1 60.2112711346139 8.26332509954481 -0.638008938610313 0 0 1 NA
"89" 1 13.0897498078272 9.44602986846042 -0.304422379575708 0 0 1 NA
"90" 1 1.81831073746722 7.12785886134305 0.448983482548114 1 1 1 NA
"91" 1 6.15535152358458 5.98677724449621 -0.297678695020545 0 0 0 1.52742830464658
"92" 1 2.1061074852381 2.24619441895089 -1.80468883188382 1 0 1 NA
"93" 1 8.74313240499791 5.41921286095399 1.26713668018455 0 0 1 NA
"94" 1 4.35193676543051 3.51672559897957 0.0784530219843786 1 1 1 NA
"95" 1 18.0626041796572 20.492034111965 0.0868401431510563 0 0 1 NA
"96" 1 10.5905185987822 7.68387818173118 2.50570473153362 0 0 0 1.61182752059285
"97" 1 12.3354816695606 2.64462298608994 -0.266643460201619 1 0 1 NA
"98" 1 5.72953852288048 15.7627492077115 -1.33836853958946 0 1 1 NA
"99" 1 0.827518834559175 2.16792145027817 3.16825088253143 1 0 1 NA
"100" 1 0.427735227518091 7.38082029352027 -0.289795422600014 0 1 1 NA
"101" 1 7.70145024623824 3.77501146610427 0.636111220756856 0 0 1 NA
"102" 1 0.925733882033616 5.02204907705794 -1.38774843362643 1 0 1 NA
"103" 1 3.14097274231656 11.5690544301325 1.40493889972006 0 0 0 1.9700493734207
"104" 1 21.7017017066168 4.17174230380013 -0.292200123049098 0 0 0 3.54057239699418
"105" 1 0.654312332731829 3.45708927902444 1.30303917238145 0 0 0 0.469157498893655
"106" 1 13.5901511831308 7.82604667753641 0.878821690092956 1 0 1 NA
"107" 1 40.4216815476676 6.39085021633614 0.324834822575782 0 0 0 0.708676026535258
"108" 1 6.54382703001256 8.13572721712366 0.564556375798336 1 0 1 NA
"109" 1 3.08319100184279 9.57526517177127 -0.447165872932436 0 1 1 NA
"110" 1 2.60500645615007 3.91757486836646 -1.65932864582467 1 0 1 NA
"111" 1 6.408659876136 7.05269657413894 0.952470250330817 1 0 1 NA
"112" 1 3.2484284374416 6.37063559013489 -0.515570414545132 0 0 0 3.01967607832399
"113" 1 10.1062053152485 12.1655139182282 -1.20667060266836 1 0 1 NA
"114" 1 12.6712612701523 3.57828236694577 -0.763701486227428 1 0 1 NA
"115" 1 4.39381906735251 11.1944363603206 -0.522539672154949 0 0 1 NA
"116" 1 5.62220904704982 1.96723113827137 -0.253512367870303 1 0 1 NA
"117" 1 7.15617120879191 10.6158912450965 -0.955846506223588 0 0 1 NA
"118" 1 11.2615383963623 19.3971899464903 -0.51840607768668 0 0 0 2.73141951517442
"119" 1 8.63937662041369 16.6176956278177 -0.284694739593099 0 0 0 7.95462274016465
"120" 1 3.99593506395904 6.79132373647597 -2.00822477328507 0 1 1 NA
"121" 1 15.060683118375 6.89441237607239 0.43448988750989 0 1 0 1.09761949664997
"122" 1 22.4810449434739 24.8705900031979 1.17056658279456 0 0 1 NA
"123" 1 10.5117577257808 5.69993057711554 -1.39568647361252 1 0 1 NA
"124" 1 2.63623029383172 24.8208474859079 -0.00811415472745754 0 0 1 NA
"125" 1 6.39013415977368 22.0358926908806 2.19178258436141 1 0 1 NA
"126" 1 4.64248067071276 11.2119155613588 0.509249431332821 0 0 0 1.41445698835555
"127" 1 10.3499568554321 15.8223577991186 -0.163092303360637 1 0 1 NA
"128" 1 8.60046666907248 12.0235029967302 -0.859081109770254 0 1 1 NA
"129" 1 3.7080838996056 5.53177776445848 0.203658490347388 1 0 0 2.66426792999055
"130" 1 9.96957321643577 4.63304115843035 -0.76986766653855 0 1 1 NA
"131" 1 1.36464639916466 7.43644911218809 0.0779072491811622 0 1 0 0.760745966782544
"132" 1 1.90827931541358 6.52207796970573 -0.822038086896992 1 1 1 NA
"133" 1 9.73105467123161 3.5448206554962 0.735704061488222 1 1 1 NA
"134" 1 8.25094164650653 0.73558099480959 0.239547035717189 1 0 1 NA
"135" 1 29.4008899036172 10.0407506860619 0.91702676153203 0 1 1 NA
"136" 1 0.152477609854877 0.345165087257485 0.763330004357528 1 1 1 NA
"137" 1 44.8989979773512 5.74224268743295 -0.541467288231486 0 0 0 0.713383520544834
"138" 1 30.2325088836371 6.89506614361215 0.218997024793712 0 0 1 NA
"139" 1 10.4875306478856 0.826278916278014 -0.169709601921651 0 1 1 NA
"140" 1 5.88075774165017 16.9823402211865 -0.745804865504783 0 0 0 0.0515545145747047
"141" 1 4.32298839029815 6.80328788884159 1.26801657753005 1 1 0 2.22752824077272
"142" 1 3.65119954556711 0.0159786525962488 0.372188417547385 1 0 1 NA
"143" 1 20.1678864152301 11.6283986613946 1.35453360053487 0 0 0 0.604034445635681
"144" 1 14.7458738127374 1.11255168404815 -0.405763940392147 1 0 1 NA
"145" 1 15.3957117661074 4.1342279469163 -0.298739964608292 1 0 0 1.53553568939603
"146" 1 6.50553168286603 3.7179424980343 0.631916637065645 1 0 1 NA
"147" 1 2.74352235912806 22.7372131559982 -0.710380234892878 1 0 1 NA
"148" 1 1.7935604513148 3.68516791008405 0.28763149590314 0 1 1 NA
"149" 1 5.42711548225445 4.54359995533186 -0.695853980115811 1 1 0 1.30326126192391
"150" 1 24.5053327687598 16.860318534345 0.550519432776493 1 0 1 NA
"151" 1 14.9301154114419 13.2591210428827 0.346293536555333 0 0 0 5.02213567537212
"152" 1 21.0314421538529 21.3995376957247 -1.59354658452123 0 0 1 NA
"153" 1 8.54194118822327 2.83474168197474 -0.271650315448526 1 1 1 NA
"154" 1 9.62239379717542 7.61985215593642 -0.544123053419027 1 0 1 NA
"155" 1 4.89394025476177 3.8218599945159 1.10262338727358 1 0 1 NA
"156" 1 4.76883014523285 3.8860101261604 1.48498025136913 1 1 0 0.587697111212555
"157" 1 3.47079377325867 3.57770842451022 0.0138117129972464 1 1 1 NA
"158" 1 4.12956252944571 6.26968770629227 0.854822203650068 0 1 0 1.35315059164775
"159" 1 0.0709554928024466 4.61280378869479 0.249480362938246 1 0 1 NA
"160" 1 5.26820224704968 3.02019379863381 -0.499606328148166 1 1 0 2.24302275766997
"161" 1 3.16128186533925 5.89394794052167 0.40295648855438 0 0 0 2.09811614711747
"162" 1 0.809369833630652 11.7294515467427 -0.235499327410279 1 1 0 0.578751299670175
"163" 1 2.03117018884098 1.15437557350068 0.713891070140284 1 0 1 NA
"164" 1 12.3169769685396 5.190381247623 -0.832179853304518 1 0 1 NA
"165" 1 2.38488392660818 5.81238112171338 -0.0179596396909241 1 0 1 NA
"166" 1 25.8295432254575 20.7132811060777 -0.121861477810318 0 0 1 NA
"167" 1 8.50840369750805 0.968679656970844 0.681835120816199 0 0 1 NA
"168" 1 15.8837666660837 6.99452983579225 -0.302249920561846 1 0 1 NA
"169" 1 11.948770232749 7.00826868690268 0.753835122741706 0 1 1 NA
"170" 1 5.56031776341862 6.65509862617636 0.729166338555458 1 1 1 NA
"171" 1 7.68506778352551 1.19727469497044 -1.35168912458753 0 0 1 NA
"172" 1 0.361764035399977 3.29344368029891 -0.535652565187246 0 1 1 NA
"173" 1 11.7485350728774 8.1782188224895 0.872928944243571 0 0 0 1.75091351970796
"174" 1 11.1308505145729 6.6349860801371 -0.404470183012256 0 1 0 1.4857589917358
"175" 1 0.577732879144334 3.58492336595857 1.30494903309908 1 1 1 NA
"176" 1 9.14403351745425 5.1310266632261 -0.892572252229586 1 0 0 4.52087887909731
"177" 1 1.01400313876189 0.122890060952545 0.184388578776988 0 1 1 NA
"178" 1 12.8570332218213 3.0983391739442 -0.829149926919254 1 1 1 NA
"179" 1 11.4607078302006 6.39718277904458 0.505897100185727 0 0 0 3.83212368946113
"180" 1 12.2483532725882 3.57793655779401 2.70114057505774 0 1 0 0.932340099920766
"181" 1 8.25365183515981 3.24294572742029 2.307865028743 1 0 1 NA
"182" 1 6.39089564427783 6.35227449551397 -0.599259610421766 1 0 1 NA
"183" 1 3.50122347965961 8.59375324830245 0.537113920286824 0 1 0 1.64251801743978
"184" 1 43.6060672662506 5.14969795664264 -0.790741410204571 0 0 1 NA
"185" 1 5.39285539463452 1.4117911471761 1.07976599889998 1 1 1 NA
"186" 1 18.308973049153 0.0346202395286683 -1.48174439465068 1 0 1 NA
"187" 1 28.0834675434133 9.54883655205946 -0.491254714608752 0 0 0 1.95193474539837
"188" 1 0.936194923689676 7.22648690984262 0.509943039261208 1 1 1 NA
"189" 1 6.80774746816044 7.27487864214975 0.188385530209236 0 1 0 1.68487704616492
"190" 1 3.05967667584261 4.35211502158208 1.11893094236239 0 1 0 0.498914113907904
"191" 1 9.80541992206858 0.131238202316545 -0.325269081995298 0 1 1 NA
"192" 1 9.63349275103876 6.92687474966799 -0.30965437409325 0 1 0 2.5336171515448
"193" 1 4.72871491895628 0.740082224557103 1.38054509422847 1 1 0 0.410315917379226
"194" 1 2.11335144510639 0.438279173642507 0.329995656037746 0 1 1 NA
"195" 1 0.436869710119518 1.49502668260689 0.448405320876492 1 1 1 NA
"196" 1 2.3547365531558 11.8398928656866 0.799991365501282 0 0 1 NA
"197" 1 7.37867957051297 8.2260134761992 -0.128802653345388 1 0 1 NA
"198" 1 11.8028024650466 4.10026238240398 -0.246606800544781 0 0 1 NA
"199" 1 14.0203330915496 23.0045869272494 -0.826007831649955 0 1 1 NA
"200" 1 13.4727537157197 3.02955327316567 1.24006597120913 1 0 0 2.69289138889021
"201" 0 38.1746162667876 35.8478256919658 -1.19409681622564 0 0 1 NA
"202" 0 0.970602337402793 1.32317205169631 2.15295355793017 1 0 0 0.377306545477488
"203" 0 11.7247941525045 2.53149642140528 -0.389145481632301 1 0 1 NA
"204" 0 7.28901929093105 2.78179872472019 -0.872428947460979 1 0 1 NA
"205" 0 15.0181527935478 0.377965134137211 0.413964241533601 1 0 1 NA
"206" 0 2.44889807855769 3.60589061896941 0.0421854250950491 1 1 1 NA
"207" 0 3.3520982613476 3.51437100785959 0.164885548657725 0 0 1 NA
"208" 0 3.39425438398836 5.03557918888669 0.262069198342368 1 0 0 3.05013321274709
"209" 0 12.1459106282548 5.90641699043792 0.123021441480892 1 0 1 NA
"210" 0 2.91322262470575 0.380629873146198 -0.785439870026568 1 1 1 NA
"211" 0 4.1646331873764 2.90291582993816 0.301835434130648 0 1 1 NA
"212" 0 16.4936426638151 14.0332382761372 -0.791950838770802 1 0 0 1.16191073147447
"213" 0 10.7757580527977 7.20174260295424 -0.108694202262216 0 1 1 NA
"214" 0 6.72700219980878 4.95429803559777 0.224051100495043 1 0 1 NA
"215" 0 21.8122927059805 10.2563568302139 -0.691515192401434 1 0 1 NA
"216" 0 6.84656799862658 8.2070643735969 0.502105097123808 0 0 1 NA
"217" 0 3.91340294889719 5.70202006862241 0.087345358753098 0 0 1 NA
"218" 0 6.92377023410232 5.40887545588681 0.227863337473872 1 0 1 NA
"219" 0 1.82199028279019 6.30571871493387 -1.15731085163909 1 1 1 NA
"220" 0 6.98169727826209 11.1313950882919 0.409248916075095 1 0 1 NA
"221" 0 1.95248916476078 6.02808153031267 1.27752164966393 0 1 1 NA
"222" 0 22.5164647976331 2.5753940172496 0.0590627432690349 0 0 1 NA
"223" 0 11.5732488166204 9.45682745165341 -0.686975722608655 0 0 1 NA
"224" 0 11.8193945351422 5.36419553712738 -0.78436764434563 0 1 1 NA
"225" 0 11.1668038772212 3.570232877511 -0.212978885325277 1 0 1 NA
"226" 0 16.5079131416967 14.3708234865396 0.452496568932873 0 0 0 1.09493880954
"227" 0 15.7386068597597 2.74023694847204 0.0673613991912411 0 1 1 NA
"228" 0 10.7006341413893 3.35495778103043 -0.651382624063385 1 0 0 0.444935669565322
"229" 0 8.1131070977801 4.85028117267414 -0.238109719897373 0 0 1 NA
"230" 0 2.46225876537473 5.31660795134678 0.954582066695032 0 0 0 1.7875784499842
"231" 0 3.03071952776282 3.82151885971233 1.61917381177929 0 0 0 1.76445911135726
"232" 0 1.07002809608423 5.0208151628033 0.538806123564954 1 0 1 NA
"233" 0 8.82697991743191 14.2432645569708 1.10037905141679 0 1 0 1.52042287243423
"234" 0 4.41092245896737 0.497936634020733 0.59505538711288 1 1 1 NA
"235" 0 13.9084687087705 7.7113986515203 1.29126016893349 0 1 1 NA
"236" 0 6.4597201988215 2.2909211648827 1.61889153592972 1 0 0 1.04787739543517
"237" 0 9.03306570543152 24.5125822728284 -0.0414243573295953 0 1 0 0.562015743083071
"238" 0 2.33010439239379 6.25260765641824 1.00588496576825 1 0 1 NA
"239" 0 2.55951026586709 11.7907530013257 -1.59805735967315 1 0 1 NA
"240" 0 16.0523599030555 5.62053854797448 -1.09676238227364 0 1 0 3.90044365446757
"241" 0 0.570975574512975 5.24836059282096 -0.480007797531877 1 1 1 NA
"242" 0 15.1391961898194 11.7840913225188 -1.86651302375608 1 1 1 NA
"243" 0 4.4407815058159 3.07143295859634 -0.279718802454677 1 0 1 NA
"244" 0 7.24744932124442 4.00244890017569 0.571159443177816 0 0 0 0.831461607249313
"245" 0 17.1970919429658 6.22817626371395 0.210207170324251 0 0 1 NA
"246" 0 3.64144696166775 1.07390370951834 0.35222680199575 1 1 1 NA
"247" 0 6.5463974832266 20.0094181712484 -1.18130889548613 0 0 0 5.73777429328142
"248" 0 16.7621451444213 11.9563054367777 0.000699030088781546 0 0 1 NA
"249" 0 3.54577532960239 4.05197071237893 -0.929599993024141 1 0 0 2.930863236829
"250" 0 1.69296875032616 8.23559234202484 2.19168754358719 0 0 0 1.50257970808469
"251" 0 49.9999489054556 12.4969096392391 -0.783014882756842 0 0 1 NA
"252" 0 2.52883539197671 15.6338858766341 1.17250827389811 1 0 0 1.92909786742595
"253" 0 41.6448965424714 1.79256044254466 -0.148594248700735 0 0 1 NA
"254" 0 56.7751700624018 11.1482914084752 -1.37044999856887 0 0 0 4.03026180452836
"255" 0 4.87064012164142 11.408415248767 -1.71414733473384 1 0 1 NA
"256" 0 11.5638585713809 16.953045757191 -0.658999383441791 1 0 1 NA
"257" 0 4.86659446631368 4.20089754372413 1.8007427888728 1 0 1 NA
"258" 0 1.63459296141777 5.23161549768088 0.480385227007443 0 1 1 NA
"259" 0 9.66336552765272 2.07910021418717 1.33455928603749 1 0 1 NA
"260" 0 30.255647070421 26.7975950588463 -0.799691137206696 0 1 0 4.65890650688754
"261" 0 10.3348973828248 2.58999421706582 0.295455327830093 1 0 1 NA
"262" 0 5.57698915933132 0.0770982422989599 0.0727791433757955 0 0 1 NA
"263" 0 0.544348649144052 1.19330233883162 0.120992175829698 1 0 1 NA
"264" 0 29.500952082216 0.313654021875417 0.0630134655982781 0 0 1 NA
"265" 0 8.04434093389548 5.98366017140047 -1.07306755659888 1 0 1 NA
"266" 0 14.6669125923118 0.346477585849495 0.446654274942596 1 1 1 NA
"267" 0 16.7239128241604 15.5458343138879 -1.68270272613216 1 0 1 NA
"268" 0 21.8113017707049 0.538844210611562 -1.0476799574838 0 0 1 NA
"269" 0 2.7766224691036 7.64747229955014 -0.724669631739254 1 0 0 0.671335144969599
"270" 0 1.12875300798805 1.28380045490801 -0.732346262613193 1 1 1 NA
"271" 0 5.97875651130472 1.11449453017686 0.0807158541794707 1 1 1 NA
"272" 0 7.00456446552842 1.33290552543849 0.768455754265573 1 1 1 NA
"273" 0 4.38796403729827 0.509477292497158 -0.704024940329304 1 1 1 NA
"274" 0 8.87729610826118 5.24212210184248 0.501644062856019 0 1 1 NA
"275" 0 31.0054036789037 12.4376576328534 -2.40403402484202 0 0 0 4.59413879929815
"276" 0 2.1914612916372 5.87992520440838 0.800424173157207 0 0 1 NA
"277" 0 9.4285699159971 17.7577756768235 0.607322524627364 0 0 1 NA
"278" 0 9.23649895580865 11.7760442714511 -0.45558006552997 0 0 1 NA
"279" 0 3.6163329109988 1.92079345550556 -1.04579888995405 0 1 1 NA
"280" 0 13.0820931200562 1.70993396771974 -1.81506005658133 1 0 1 NA
"281" 0 1.00249735644394 3.07936153318099 0.435894713652565 0 1 0 0.216981651148243
"282" 0 8.90363392422346 12.1855339872499 0.245250982503182 1 0 0 1.06980678985514
"283" 0 6.5343343139165 28.9829922378244 0.0487275529513412 0 0 0 0.466448500394667
"284" 0 25.6851168959343 28.8539623638331 -1.10731996492568 0 0 1 NA
"285" 0 5.30361581640497 3.84299754426654 -1.32377667971915 1 0 1 NA
"286" 0 10.0124825359458 13.9359208535102 -0.00247338472349294 0 1 1 NA
"287" 0 7.9994349294291 15.9760598680534 -2.20010765930192 1 1 0 2.27548353276733
"288" 0 1.18700288596609 8.76909655539436 0.10905002797508 1 0 1 NA
"289" 0 9.46117301701682 36.0324396666962 0.960448298579891 1 0 0 0.0576065892647659
"290" 0 5.09151062648348 19.6742946578935 -0.756041583895417 1 0 0 3.28595434053653
"291" 0 5.21461037965622 34.1178729085332 -0.0125917717503642 0 1 1 NA
"292" 0 26.9213491351968 10.0448963735354 -2.93461524138117 0 0 0 4.22513163496555
"293" 0 5.24551707136525 9.19584794160883 0.0875270605881099 1 0 1 NA
"294" 0 4.84711857202527 9.80774573884865 -0.299161922778324 1 0 0 3.83055344968695
"295" 0 12.4826361170135 4.89342112430541 -0.524703466874263 1 0 0 4.45223545062997
"296" 0 8.02141351563387 4.19081402826794 1.09035300245936 0 0 0 3.23750926271535
"297" 0 1.06834962328161 4.53437194849954 1.61070033695302 1 0 1 NA
"298" 0 8.53060492016271 2.99682472303718 -1.5207588136445 0 0 1 NA
"299" 0 6.88224347468645 9.75540916655327 0.242913981271793 1 0 1 NA
"300" 0 0.753951750049191 4.51709759896675 -0.114747183915215 1 1 1 NA
"301" 0 27.1725739596474 41.0208073246392 0.240692135306785 0 0 1 NA
"302" 0 3.03352261273584 1.1210314967166 1.40301057206776 1 1 1 NA
"303" 0 3.02354646972368 2.07941364256578 2.35689345765287 1 0 0 1.48823954065071
"304" 0 3.6935106306858 5.18285962053468 1.66498529811951 0 1 1 NA
"305" 0 0.803600134032049 1.19259801825954 1.26103545531895 1 1 1 NA
"306" 0 3.50207015837156 8.23413168515234 1.23815090051233 1 0 1 NA
"307" 0 12.2257259800303 6.44541149201292 0.86095196487709 0 0 1 NA
"308" 0 48.4414925716374 30.7479043463422 -2.89474632720504 0 0 1 NA
"309" 0 2.86043035981605 6.72682519189339 -1.23730061087737 0 1 1 NA
"310" 0 8.75064670797989 17.7173695308228 -2.71808956384388 0 0 1 NA
"311" 0 13.5429888817717 66.3332444614033 -0.978953494410288 0 0 1 NA
"312" 0 23.260418026749 5.748326116283 1.55302738152253 0 0 1 NA
"313" 0 3.29546162941488 2.06868514136708 -0.989845581532856 0 0 1 NA
"314" 0 2.76578184966338 1.3807268995026 0.246264908042552 1 1 1 NA
"315" 0 8.5089524917014 0.949345891803028 0.699721690584224 0 0 1 NA
"316" 0 1.16741694457839 3.63253127996157 0.805383340825817 0 0 0 1.0522322809598
"317" 0 7.58685494040465 13.8279854856009 -0.564643725424448 0 0 0 2.78943471538438
"318" 0 20.449569840432 12.2557708367174 0.516152719240404 0 0 1 NA
"319" 0 5.95933759024089 1.81383072502393 -1.99818329334943 1 1 1 NA
"320" 0 14.6932591017202 3.09286131142663 0.455417118234717 1 0 0 1.58570537505863
"321" 0 4.30093184242932 3.81792698887356 1.8495167003776 1 0 0 2.02970708499013
"322" 0 24.856405368696 8.03422020607841 0.564682984640707 0 0 0 3.59214593248728
"323" 0 3.12535884627736 0.397917164716517 -0.291519115694302 1 0 1 NA
"324" 0 2.2932908902932 1.41086846399607 1.06462024047722 1 0 1 NA
"325" 0 8.08090720424348 48.5231430185519 -0.825014600991383 0 0 0 6.24194297529811
"326" 0 2.20913956035793 7.24860138742259 -1.02293927714434 1 0 1 NA
"327" 0 13.9379676629643 1.12531783094869 -0.408579698632666 0 0 1 NA
"328" 0 4.34271581044186 5.15395345024262 -0.670111203834667 1 0 1 NA
"329" 0 2.24037333475852 4.69075055724766 -0.631685951438801 1 1 1 NA
"330" 0 7.62818784873715 19.1745754190973 -0.863967717227755 1 0 0 0.737105760499093
"331" 0 1.34405195228398 3.13469774243657 0.429879926026291 1 0 1 NA
"332" 0 6.23357478469089 4.52994494782486 -1.09794266860555 1 1 0 1.97540667813855
"333" 0 2.29667996122539 11.1628051357575 0.115099949506464 1 0 1 NA
"334" 0 6.08433392461696 0.440903677147955 -0.20296169931155 0 0 1 NA
"335" 0 11.6149700213979 5.83406371305589 0.102981214412215 0 1 0 3.73228258255292
"336" 0 2.16908996202505 9.44003015158817 1.45398779814816 0 0 1 NA
"337" 0 6.08227080056249 6.30754545302038 -0.117802544170741 1 1 0 1.47983074397399
"338" 0 3.249621838252 3.83539092340575 -0.219708817009385 1 1 0 2.9437332304352
"339" 0 6.2158683957611 20.4191475882866 -1.54639533777564 1 1 0 1.2413805887985
"340" 0 11.7471399536548 6.81408981033494 1.56662223292415 0 0 1 NA
"341" 0 2.37742961272511 0.53243312158661 0.0725002162343247 1 0 1 NA
"342" 0 7.05288560296086 10.3388672104751 0.391539294729828 1 0 0 2.74802855430524
"343" 0 18.851947580206 7.42266447360705 -0.887018396228127 0 0 0 5.33014622665676
"344" 0 1.85259331656148 5.4191682722442 1.15084680261363 1 0 1 NA
"345" 0 3.70245037616092 0.642756811523675 -0.512511183880128 1 0 1 NA
"346" 0 7.30345881265952 7.43412056214537 -0.0447377462658664 0 0 0 2.25257173033494
"347" 0 3.68247642934683 1.39519831151798 0.996713318951454 0 1 1 NA
"348" 0 31.0034603859761 2.15630831051609 0.0774322714448726 0 0 1 NA
"349" 0 1.78212544249929 1.57932410569586 1.47077641887497 0 1 1 NA
"350" 0 3.06452328410643 1.6796351969504 1.22063146049394 1 0 1 NA
"351" 0 2.89244284858225 10.9794106097455 0.117196531395668 0 0 0 2.29681526269967
"352" 0 9.25623748202485 1.08099923919063 0.0411967969327372 1 0 1 NA
"353" 0 4.20353989505646 3.78191629918424 0.938372204052301 1 1 1 NA
"354" 0 0.074765732827915 11.4848378232247 0.726057701978678 0 0 1 NA
"355" 0 10.9288246819326 7.16982741640995 0.208935669024905 0 0 0 3.85192205123998
"356" 0 3.00406014106466 25.1892288048008 1.72644490820389 0 0 0 2.1466273094683
"357" 0 1.67918465245468 2.6721303377151 0.702134705487923 0 1 1 NA
"358" 0 0.0645337915154221 6.41385018893092 -0.121167098358797 1 1 1 NA
"359" 0 13.9267938738502 2.41224311749626 -0.350066162078597 1 1 1 NA
"360" 0 10.2976051303263 18.0579363630493 0.468271971558927 0 0 1 NA
"361" 0 7.20649684652822 3.40952270459611 -0.998240774550782 0 1 1 NA
"362" 0 5.1863233945071 5.07209777963787 0.0882036052034662 1 0 1 NA
"363" 0 22.3392104659132 0.896559543298483 0.311808418586267 0 0 1 NA
"364" 0 13.9802803196175 2.14159746948489 0.619266908803306 1 0 1 NA
"365" 0 4.69747026665401 19.5144711898669 -2.00008198265341 1 0 0 4.43187003617191
"366" 0 5.47064421708323 12.0219169359397 -1.34888271088614 1 0 1 NA
"367" 0 27.7627046500262 29.212306165699 -2.09851454027084 0 1 1 NA
"368" 0 26.6168158188565 17.4501360109024 -0.292347733605421 0 0 1 NA
"369" 0 1.63004353954857 1.51520215400798 0.241514988858216 1 0 1 NA
"370" 0 3.48648109850477 3.49763944706823 1.17087478918769 1 1 1 NA
"371" 0 15.1956665375055 6.76030970691425 0.208235749022317 1 0 0 2.15548592421519
"372" 0 1.62422083980855 2.38637440599328 1.6814504523393 0 0 0 1.26664529001132
"373" 0 21.6231971383391 12.350548412122 -1.17353248059352 0 1 0 0.979186307544601
"374" 0 5.46023769745899 5.32555696964826 1.03023999011489 0 0 0 1.69657163208063
"375" 0 3.24114155548661 2.16569807381583 1.02176145298903 1 0 0 1.32967285068195
"376" 0 2.23051110436888 2.7700026160179 1.61107604238286 0 0 0 1.02019448107546
"377" 0 7.90901326528281 18.8100130619762 -0.147838457226111 0 0 0 4.24380828953193
"378" 0 7.73794706344817 0.527867378097455 -0.888680550699073 1 0 1 NA
"379" 0 14.4697616375376 4.34139857546834 -0.543510273842127 1 0 1 NA
"380" 0 12.0893816514985 19.5324009083931 2.33117249628745 0 0 0 0.852361413619323
"381" 0 10.8691165907146 4.32253317706234 0.996126357665034 1 0 1 NA
"382" 0 10.2455866206247 2.63465933749058 -1.70081149391914 1 1 1 NA
"383" 0 8.52198669569946 10.575627014728 -1.59990011175748 1 1 1 NA
"384" 0 10.5819779864053 1.93492214236962 0.441404903750253 0 1 1 NA
"385" 0 35.346754082171 2.43849690519047 0.346166650432026 0 0 1 NA
"386" 0 2.11981974992258 2.30633892701133 1.70215453595107 1 1 0 1.95301802414709
"387" 0 1.36067960632412 9.58512449186674 0.904059756639984 1 1 0 1.29796247858208
"388" 0 8.07845004881974 2.29319442217684 0.810314413821531 1 1 1 NA
"389" 0 20.1508938598964 4.16088735684113 -1.8368916061479 1 0 1 NA
