"Z" "Y1" "Y0" "x1" "x2" "x3" "ID" "D"
"1" 1 25.8669643873886 9.23931472596458 -0.0773255720680221 0 0 0 2.01478266391506
"2" 1 0.573226110179227 4.77936492268267 0.71453536954417 1 0 1 NA
"3" 1 3.90254231803109 0.797586401707139 0.148773379877193 1 0 0 2.94631211705261
"4" 1 0.538601909766126 0.425114909253073 0.737405042941479 1 0 1 NA
"5" 1 4.24351682274378 5.96821405110313 0.0436065969253274 1 1 0 1.06226870918853
"6" 1 8.27140973327086 1.26390091010363 -0.499237204851664 1 1 1 NA
"7" 1 2.94112186570723 7.77852509705696 -0.440698317327846 1 1 1 NA
"8" 1 26.0039303435578 11.5175996618941 -0.754637226856842 0 0 0 0.429319089467676
"9" 1 8.02410166205948 11.3045138595207 0.149178744957251 1 1 1 NA
"10" 1 9.85433072112811 4.09595177097126 -0.157056367739753 0 0 0 0.734395965889002
"11" 1 0.495740506321074 0.883943649621974 -0.444545752633702 1 1 1 NA
"12" 1 26.9994065318648 20.8252140250709 -1.64617684007183 0 0 0 2.17674963571543
"13" 1 12.2803919245881 8.29483935201819 0.104414685338498 0 0 0 1.37953302728265
"14" 1 1.89310681864152 10.6300407084155 1.4971835631191 1 0 0 0.764692944618736
"15" 1 1.54706517299134 32.8596948650251 -0.322124203488403 0 1 1 NA
"16" 1 3.42386272354769 4.45119415561602 0.44446737071265 1 0 1 NA
"17" 1 6.97475267789413 0.793086390781989 0.445639778611349 1 0 1 NA
"18" 1 14.8127789321734 2.45674440665611 -0.571604577380098 1 0 1 NA
"19" 1 5.90313708700775 2.58464408332703 -0.743279489445809 1 0 1 NA
"20" 1 3.93915228008462 1.7944039508871 0.234246739505166 1 1 1 NA
"21" 1 41.2994541391448 8.92539046818274 0.019961449309989 0 0 0 0.167108650421797
"22" 1 14.9413543922823 5.8624524213529 1.12261476651743 0 1 1 NA
"23" 1 3.01372778918894 3.94724884770117 -0.943432456307872 0 0 1 NA
"24" 1 12.6989641538527 17.8159815830672 1.01386350627783 1 0 0 0.580828854727327
"25" 1 9.90049735194589 0.576280434029224 -0.0114550848677045 1 0 0 1.03832561027517
"26" 1 7.41466811848577 4.51036608446041 -0.674313457337846 1 0 1 NA
"27" 1 7.81037522931708 2.18266699131584 0.44696325545416 1 1 1 NA
"28" 1 13.308917182773 19.5727623229325 -0.236589664499946 1 0 1 NA
"29" 1 1.72878271330967 0.95840191456788 1.68268760444126 1 1 0 0.870611422019938
"30" 1 0.390217764000029 5.33605883793386 1.81880600572328 0 1 1 NA
"31" 1 14.0439690571091 8.23227497338377 -1.25753128853474 1 0 1 NA
"32" 1 2.58905568020315 27.0862390841216 0.0238183652115849 1 0 1 NA
"33" 1 7.3158055434669 5.28236562302338 -0.846877282944321 1 1 1 NA
"34" 1 25.8572384167712 10.839717175437 -0.666712691911832 1 0 1 NA
"35" 1 8.6379034987262 1.2851641638358 -0.0744932925886815 1 0 0 1.24873943854344
"36" 1 4.90755336673513 1.91211006032286 -1.05979947274613 1 0 1 NA
"37" 1 14.4748223308511 0.3208999426273 -0.267659879614267 1 0 0 1.33553505912074
"38" 1 5.8192586958486 3.78404387027052 -0.830930158380556 1 1 1 NA
"39" 1 9.55148812918188 24.0788495977772 -0.0121831268290238 0 0 0 4.15832106742877
"40" 1 9.9355114317688 2.06013800901628 -0.091961358307259 0 0 1 NA
"41" 1 15.8382562649558 4.70394059827876 -0.0361504028895959 1 0 1 NA
"42" 1 7.78665264633984 0.56656226859901 -0.999047004800041 1 0 1 NA
"43" 1 0.306895965618792 2.92425391693321 -0.959539442319425 1 1 1 NA
"44" 1 13.61952509824 5.81383149436325 0.592763387363615 1 0 0 0.73489660203505
"45" 1 6.01862593918415 1.32086228699484 -2.36267761396682 1 1 0 5.59765595214489
"46" 1 11.3900533808227 6.17710529567989 -2.38728854486774 1 0 1 NA
"47" 1 15.3456741254156 2.25664495794089 -0.0752227223975856 1 0 0 0.21083331981349
"48" 1 8.11169750970795 3.48382815394753 0.926936417875729 1 0 1 NA
"49" 1 11.0673836817423 9.6624389693542 1.29182772736488 1 0 1 NA
"50" 1 5.0312199972461 10.3635701709046 0.979322081919514 0 0 1 NA
"51" 1 27.7391860137463 9.45117614220622 -0.726649217454981 0 0 1 NA
"52" 1 6.74824041275382 5.52196767787218 0.162647327171096 1 0 1 NA
"53" 1 4.36740298727354 2.05228625739168 0.623747339633953 1 1 0 0.775511357629716
"54" 1 7.65816438207879 6.99564855013698 0.0701711152146424 0 1 0 0.815823601852424
"55" 1 3.87249819890908 16.8892290759911 -0.229369506651919 0 0 1 NA
"56" 1 16.3456338857937 12.1342815033805 0.224702759458579 0 0 1 NA
"57" 1 15.9389593785805 1.88904663537558 -1.25756262084321 1 0 1 NA
"58" 1 6.75465267071285 8.33395112643555 0.549446097515984 0 0 1 NA
"59" 1 4.02435554481461 15.2109807960644 -0.234642311453021 1 1 1 NA
"60" 1 5.01426343040539 5.67363332535599 -0.234983394189082 0 0 1 NA
"61" 1 11.3550756860597 4.70294663780544 -0.949544469993367 0 0 1 NA
"62" 1 13.5879926712705 15.5229074278914 0.291588960764298 1 0 0 1.67221476314506
"63" 1 7.76555901762545 5.65306523915012 -0.824886333319197 1 0 1 NA
"64" 1 7.82091652487885 10.5539845980852 0.860640950540166 0 1 0 0.489729877739482
"65" 1 12.6646767060545 4.84121690350314 -0.425397765250339 1 0 0 2.64503842845996
"66" 1 37.8128615363132 38.5098273132443 -1.08104655992457 0 0 1 NA
"67" 1 7.17087421914821 1.28237607132939 0.329474042295237 1 0 0 2.1540049339263
"68" 1 8.58310288813654 8.54203655017397 0.0963366684122822 0 1 1 NA
"69" 1 19.2194991219735 12.5318709520796 -1.53993046218118 1 0 1 NA
"70" 1 3.35162302046507 9.41450302635683 -0.133290986662718 1 0 1 NA
"71" 1 3.93623335941177 2.30368577108401 -0.166805266710853 1 1 1 NA
"72" 1 3.40608301483316 2.42992487564657 2.47821653196213 1 1 1 NA
"73" 1 5.13902376437208 3.49287480662349 1.31061106390423 0 0 0 1.18443212537724
"74" 1 11.2706256595782 2.30010697270301 1.04807438479351 0 0 1 NA
"75" 1 2.25491523419352 6.93648437657373 0.665569909729203 1 0 0 0.540826688837608
"76" 1 13.0187763589488 2.86956803758769 -1.22272625869742 1 1 0 3.81088144990384
"77" 1 10.3592885993553 7.82484776722008 0.722848834212715 0 0 1 NA
"78" 1 7.55500468564987 6.76258429971533 -0.557851976035236 0 0 1 NA
"79" 1 8.09106626339337 2.64964197379007 1.33532165850563 0 1 0 1.74364987258074
"80" 1 11.034220241671 23.7238629827052 1.49488513370694 0 0 0 0.236811454118895
"81" 1 3.46383050214715 1.64448363203923 0.342909992423413 1 0 0 1.63440645621781
"82" 1 4.089057770997 0.505160487818802 2.27603582493278 1 0 0 1.0953972497
"83" 1 12.1572579407295 7.36124751440585 -1.01301985019468 1 1 1 NA
"84" 1 0.125779106005273 20.551949848687 -0.0496169404897572 0 0 1 NA
"85" 1 6.72556010181834 21.4854110535507 -2.39648527272603 1 0 1 NA
"86" 1 12.858261453727 12.1529552189156 -1.16239513253534 1 0 0 1.79193752181479
"87" 1 12.4432929009029 5.14682621099529 -1.41779622829768 0 1 0 2.78364870156838
"88" 1 1.64462434794613 0.589596307765035 -0.0609290793841883 1 1 1 NA
"89" 1 0.478958487639764 10.1498804977321 0.55164542270956 1 0 1 NA
"90" 1 49.5356196965353 4.8185748689196 1.92547059504054 0 0 0 0.461915255696981
"91" 1 5.62411395337755 7.8375081053118 -1.86747130071766 1 0 1 NA
"92" 1 2.53928657869681 3.05655435771293 -1.88301502530598 1 0 1 NA
"93" 1 8.01290525014082 4.03486833650392 1.05043315898088 1 0 1 NA
"94" 1 11.3605004396947 4.99399601072333 -0.0440406798486486 0 0 0 1.19266086319643
"95" 1 8.35912341461358 44.7113155266483 -1.80912534033015 0 0 1 NA
"96" 1 0.638428424172892 0.182948238601815 -0.313867573136354 0 1 1 NA
"97" 1 4.61526677091606 2.95245026069533 1.16879394738855 1 1 1 NA
"98" 1 4.19617665754138 0.757597024843817 -0.192112083365494 1 0 1 NA
"99" 1 6.23213059527905 4.18805010772758 -0.552304803373468 0 0 1 NA
"100" 1 14.5872178264735 3.61388347281638 -1.19428485045685 0 1 1 NA
"101" 1 1.6159591138426 7.18691976315949 0.947732082540205 1 0 0 1.54445654000261
"102" 1 7.58110555529795 4.76870654186591 2.40017873657814 0 1 0 0.351694534206262
"103" 1 5.89006293652788 9.15644007133834 -0.828217555904141 1 1 1 NA
"104" 1 13.0732165855992 7.39438545551208 -0.0515050636151813 1 0 1 NA
"105" 1 7.86735143461655 6.02671995435037 0.911007014972783 0 0 0 1.05795360133918
"106" 1 29.8523990624065 1.00932056998606 0.944606045919086 0 0 1 NA
"107" 1 10.619531200015 1.45479673682566 -0.752376799215549 1 1 1 NA
"108" 1 0.654859267318966 13.0173601409207 -1.4186266616964 1 1 1 NA
"109" 1 7.28863680974409 1.51765794836457 -0.892745601390508 1 1 1 NA
"110" 1 14.5238983325034 1.2719502553974 -1.26944848858051 1 0 1 NA
"111" 1 2.74659592425944 3.15853505845257 -0.008645311159475 1 1 1 NA
"112" 1 7.10094094638388 0.905899761854543 -0.0352147447095491 1 0 1 NA
"113" 1 11.3665092573001 7.1245356641574 -1.8393980329921 1 1 1 NA
"114" 1 10.5316108343689 4.31756148269809 -1.18042608945701 0 0 1 NA
"115" 1 5.49620434059916 15.6403203508684 -1.68328039010098 0 0 0 5.22084639819499
"116" 1 6.61529579556731 0.941108687833834 0.514403650092308 0 0 0 3.37123976090132
"117" 1 26.2943093630911 13.5141836565517 -0.443197067840191 0 1 1 NA
"118" 1 11.1987776461376 35.5712150049852 -0.133128703916208 0 0 0 0.635641826673958
"119" 1 7.41600905256461 38.6238244991889 -0.747206481085789 0 1 1 NA
"120" 1 0.909306597691194 8.64608758329075 1.29918094333995 0 0 0 0.801753255214657
"121" 1 2.85435955028508 6.39615385579681 0.0112739306413619 0 1 0 2.03365388238443
"122" 1 16.5287262152647 1.06424365198268 0.2255208140459 0 1 1 NA
"123" 1 3.50560051008884 0.0312924195093712 0.589319952860931 1 0 1 NA
"124" 1 3.42756256870179 1.96941767266551 0.428753003258517 1 1 0 1.45717970419944
"125" 1 7.42667723177681 9.41333502485027 -1.55195898588028 1 0 1 NA
"126" 1 22.2847063489938 3.72317641144691 0.634815955477349 0 1 0 1.23198170824907
"127" 1 19.2839373318999 1.48603388400392 -0.308037021930306 1 0 0 5.15588570519667
"128" 1 9.04139740856932 22.3850621573728 0.118095314977749 0 0 1 NA
"129" 1 0.958133323018169 6.27650901943335 -0.0483917193329766 1 1 1 NA
"130" 1 4.44626213527782 2.46429689616693 1.01201620678784 1 1 0 2.87395179060013
"131" 1 5.94327110138851 7.42759661124957 0.505630296659652 0 0 0 4.55130286152217
"132" 1 5.8447983926847 9.82235243963652 -1.36325083753202 0 0 0 1.13133158996812
"133" 1 9.1324577385307 4.78628599856876 -0.703023535600828 1 1 1 NA
"134" 1 2.74874188076769 6.72846699247313 2.59110359601188 1 0 0 1.64966783718449
"135" 1 1.49806837802755 2.33303888623239 -0.372931432955797 1 0 1 NA
"136" 1 7.0838223741672 13.6885520694865 0.348037750322297 0 0 0 2.34681102819753
"137" 1 4.00566096801786 0.178163960049352 0.379048623922383 1 0 1 NA
"138" 1 14.3091899980799 6.08472882892332 -2.29135935208335 1 0 1 NA
"139" 1 5.96905580278839 5.93362422655294 -0.0194920172209843 1 0 1 NA
"140" 1 8.98322857659366 2.97041390345568 -0.51898187367747 1 0 1 NA
"141" 1 20.4995736680186 6.0255200343689 -1.01085685546088 0 0 1 NA
"142" 1 0.191982841260609 3.50812197125565 0.85805351037348 1 0 1 NA
"143" 1 2.88783107621344 3.83511702520757 2.48427138521718 0 0 1 NA
"144" 1 11.111282804344 7.39653185740334 0.0807185268678771 0 0 0 1.53351061426247
"145" 1 2.49348727754743 5.61406021197611 2.90637591165896 0 0 0 0.932953617245392
"146" 1 10.4885032322947 5.04294804653247 -1.83379725888874 0 0 1 NA
"147" 1 16.2945689400449 9.91772113257913 1.90794881482243 0 0 0 2.59430468933692
"148" 1 13.7100559280321 6.99624077430526 -0.727578276195694 1 0 1 NA
"149" 1 9.66644047535448 0.816376755858574 -0.973067508095218 1 1 1 NA
"150" 1 3.71929420347214 1.39807977828537 0.398967560439338 1 0 1 NA
"151" 1 3.42156022233508 0.234235950488364 0.160130539593338 0 1 1 NA
"152" 1 8.21522171837921 40.6447266058675 -1.52527502574124 0 0 1 NA
"153" 1 20.0179023561965 0.776843334726489 1.17351692879281 0 0 1 NA
"154" 1 3.78200679960578 0.870694778001135 0.749882218763469 1 0 1 NA
"155" 1 5.37215084721723 15.162403788568 -0.107749748608842 1 0 0 4.08278230313308
"156" 1 1.6428882222878 2.15511213517479 -0.873357248179311 1 1 1 NA
"157" 1 14.4816372836533 10.8602158224987 0.742585144297424 0 0 1 NA
"158" 1 23.1385607188171 0.265613303741494 0.725200478492614 1 0 1 NA
"159" 1 3.52611038008412 0.143094869341722 1.14298174454489 1 0 1 NA
"160" 1 3.54475342241113 8.39593570724481 0.639529801854995 0 0 1 NA
"161" 1 17.8276094748845 6.10261542010127 1.065167881877 0 1 1 NA
"162" 1 11.7427013174866 12.1315061675339 -1.36827130415826 1 0 1 NA
"163" 1 16.2434099208464 10.4286262369319 -0.046786433541418 0 0 1 NA
"164" 1 20.2590391257927 11.3211980489689 -0.0951124756010419 0 0 1 NA
"165" 1 5.05274061223036 0.698942058267542 -1.07782514733914 0 1 1 NA
"166" 1 8.47500418280403 3.25076729979158 -0.78529411229658 0 1 1 NA
"167" 1 1.57454133735379 16.0279376401149 -0.147166128812693 1 0 1 NA
"168" 1 13.1621088039246 5.71031120955226 1.17904753771344 1 0 1 NA
"169" 1 10.5732835534105 1.25261303153201 -0.120386199733566 1 1 1 NA
"170" 1 2.44819938280822 10.6710419992894 0.808364429052492 0 0 0 1.35984425546967
"171" 1 5.44313124470191 8.47954259971142 -0.886044689986457 1 1 1 NA
"172" 1 5.30631732918743 0.881378057289674 0.330958652432289 1 1 1 NA
"173" 1 14.9719072343878 34.1598642464602 0.407428703205936 0 0 0 1.67468435285791
"174" 1 6.90709807048173 0.811792420702432 -0.928196796176525 1 0 1 NA
"175" 1 1.07543507665049 7.61184215714654 0.61768328006655 0 0 0 0.861892763587046
"176" 1 5.58908964720953 16.8985687670139 -0.644290171215063 0 0 0 4.46641710394819
"177" 1 6.28064646017797 10.9274263217595 -0.965250862936135 1 0 1 NA
"178" 1 3.86279190476481 7.26405687899648 -0.234725532049701 1 0 1 NA
"179" 1 0.710591821037654 5.94480204042645 -0.0603776385592582 1 0 1 NA
"180" 1 11.1090029698299 12.7919725051904 -0.245292652961403 0 0 1 NA
"181" 1 9.05956959673437 7.29248148960128 0.193162289462876 1 0 1 NA
"182" 1 15.7378433223953 5.53154493180216 -0.957275744276467 1 0 1 NA
"183" 1 1.28247249622156 0.581891065398593 1.58559957678468 1 0 0 0.815069268953568
"184" 1 20.4106582771811 0.804762507111041 0.636228677211427 0 0 1 NA
"185" 1 5.59089615291174 2.62571955736341 0.0434373578852776 1 0 1 NA
"186" 1 6.38289459162913 9.69533555814404 1.27671247319305 0 0 1 NA
"187" 1 6.29506317061126 4.32407040998607 1.44433381231866 0 1 0 0.987517435611596
"188" 1 0.145173483856232 9.97997146992044 -1.55884357397874 0 0 1 NA
"189" 1 12.6500354065297 2.43515702742424 0.382939211648358 1 0 1 NA
"190" 1 3.20907495489095 7.67895114162083 0.820358432253151 0 0 1 NA
"191" 1 13.9560051931023 5.05755851627627 -0.485923742888494 0 0 1 NA
"192" 1 0.611258073828263 16.7563087625713 -0.216695737030614 0 0 1 NA
"193" 1 0.100127810189252 0.413554132766109 1.3690473758343 1 0 1 NA
"194" 1 7.5843359577713 4.26134101493974 -1.99581459350602 1 0 1 NA
"195" 1 13.849478316124 7.07068717341297 0.303727632533346 0 1 1 NA
"196" 1 4.97644664711062 6.98333661490405 -0.152127187782386 1 1 1 NA
"197" 1 47.7523159974023 5.27826444381178 -0.63031156960926 0 0 1 NA
"198" 1 7.66495237098601 2.31421224977516 0.836860213738142 0 0 0 1.59782607026176
"199" 1 1.82041865336032 13.0106240366153 0.725845399079184 1 1 1 NA
"200" 1 3.41238676046849 18.8825179142634 -0.427570347545562 1 1 0 0.839982815926776
"201" 0 1.30736405139415 65.4502079853176 -1.41211977754699 0 0 1 NA
"202" 0 4.84510418285765 6.51276659443896 1.41394468007317 0 1 1 NA
"203" 0 5.37053467361783 9.44098674053097 0.16562760858189 0 1 1 NA
"204" 0 8.25121789637038 5.31409558472226 -0.0624199128687577 1 0 1 NA
"205" 0 11.0469298129292 2.83973255700318 0.34808529961681 1 0 0 1.13123447881895
"206" 0 16.2530893064027 11.4829446824106 -0.308031339835486 0 0 1 NA
"207" 0 0.18929868394873 3.46855098220145 -0.396284677464538 1 0 1 NA
"208" 0 20.0306432651813 3.67431782332346 -0.826788270155657 0 0 1 NA
"209" 0 16.3599827118383 4.28585801875258 0.178720753410086 1 0 1 NA
"210" 0 3.84849395133643 0.285414913575864 0.646671786374206 0 0 0 2.96969427959257
"211" 0 2.12048477008857 20.9905060743367 1.16603335420182 0 0 0 0.938445841079189
"212" 0 10.7031109477905 5.1682429420081 -1.58164768703854 0 0 0 4.71407453612765
"213" 0 23.1665561944505 1.97979649011979 -0.122436623904889 0 0 1 NA
"214" 0 18.809218557927 7.03451136974889 0.332321151426749 0 1 1 NA
"215" 0 11.5934889187059 0.691899265288828 -0.378350245107105 0 1 0 2.11821832958399
"216" 0 10.5771732158325 13.5705224592646 -0.912201522687631 0 0 0 0.35273579079882
"217" 0 4.85767933976543 2.57518300846581 -0.33187780700962 1 1 1 NA
"218" 0 0.309977262033683 5.01496344242289 0.943557945423289 0 1 1 NA
"219" 0 4.3105431111414 50.1302668221949 -1.09530314002941 0 0 1 NA
"220" 0 46.4389279321273 2.15339189883261 0.506181308870384 0 0 0 0.256268807506063
"221" 0 19.3828556016516 0.951591451824776 -1.20868664740672 0 1 1 NA
"222" 0 6.3944103607675 9.51033519503096 0.119111820549629 0 1 0 1.58732511250992
"223" 0 14.6450449263887 1.34587952693216 0.263896772107953 0 1 1 NA
"224" 0 0.929300676763836 12.8599110484752 -0.88887378161499 0 1 0 0.686494922054582
"225" 0 17.2341882971026 0.464743063886727 -0.293304073000263 1 0 1 NA
"226" 0 17.3243653808383 5.82511204764143 0.896990848906778 0 0 0 4.05705238065681
"227" 0 8.68844252522494 1.84874452648786 0.501888760900742 0 0 0 1.00672708926624
"228" 0 2.25247980766913 18.08307556845 -0.545212939144794 1 0 1 NA
"229" 0 9.6774180438607 0.450327658889964 1.06782806057527 0 0 1 NA
"230" 0 9.01495586592828 4.24670779835835 0.822781619130439 0 1 1 NA
"231" 0 8.27923210587047 12.6126787507243 -2.45189305197873 1 0 1 NA
"232" 0 7.17943331347112 3.23091493914081 -0.116419059294122 1 1 0 0.501711092794955
"233" 0 11.0971688742475 0.382222266868652 -1.21589005160153 0 0 1 NA
"234" 0 7.80184157498605 7.30192850993965 1.32990888712601 1 0 0 1.27454495426031
"235" 0 4.73237360931644 12.9341327837708 -1.57134789994757 0 0 1 NA
"236" 0 16.0593426106151 12.2375479898391 -0.0662233068609555 1 0 1 NA
"237" 0 14.3323578254469 8.65501888783159 -0.395916458159972 1 1 1 NA
"238" 0 5.92388251397165 9.12888003222907 -2.82143021398225 0 1 1 NA
"239" 0 6.60020269449375 0.0515528032762403 1.8881917674645 1 0 0 0.666893858965356
"240" 0 8.81467752946131 8.7842751219758 -0.513016900920301 0 1 1 NA
"241" 0 2.09728008176998 2.1289670317603 1.00884594383289 1 0 1 NA
"242" 0 30.5970110614941 4.9678725337024 0.565993941205864 0 0 1 NA
"243" 0 0.549258380226914 13.9368170154742 -0.157239702686877 0 0 1 NA
"244" 0 8.11920257254088 0.607644237795588 0.270387622142043 1 1 1 NA
"245" 0 8.55925542589706 0.45595059511358 0.293792127321472 1 1 0 0.78163255571494
"246" 0 1.3743932664994 13.2966678104336 0.966760657759734 0 1 1 NA
"247" 0 4.82139305131806 2.68403663194345 -0.884418375539437 0 0 1 NA
"248" 0 0.592649183520254 3.79905020594661 -0.521997724886993 1 1 1 NA
"249" 0 5.58146526974035 3.36262147061887 0.910669445756527 1 1 1 NA
"250" 0 3.02491452529124 5.35621560241809 0.8048336208082 1 0 0 2.16838046011097
"251" 0 0.0114806546461602 4.24736496089435 1.10656625538788 0 0 1 NA
"252" 0 22.5243798288764 1.17739995713752 -0.941429292306113 0 1 1 NA
"253" 0 5.33400931810155 10.2485242513575 -1.63204847023848 1 1 1 NA
"254" 0 8.29340534423797 2.03739478104323 -0.770409136704308 1 0 1 NA
"255" 0 2.30121770132666 0.509141540300426 0.243626138933243 0 1 1 NA
"256" 0 2.82842483181358 9.71865878227628 0.596320546029211 1 0 1 NA
"257" 0 0.407336757864728 2.21952031043658 0.920590319666988 1 1 1 NA
"258" 0 1.71711683037991 0.825570793662993 0.176651327095181 1 0 1 NA
"259" 0 14.3488131976823 10.8822141693929 -1.71927283934135 1 0 1 NA
"260" 0 6.98479680941254 1.98940114351071 1.91920258214512 1 1 0 0.660111065881258
"261" 0 5.26681138530925 6.6730136258559 0.602341885851775 1 0 0 1.52763202688853
"262" 0 14.9798696476596 11.1342184368024 0.56222854947495 0 0 0 0.661463316806519
"263" 0 5.03329923513478 0.794848964235971 0.288259860187524 1 0 1 NA
"264" 0 10.410876205912 10.0625596314562 0.756079061468238 0 0 1 NA
"265" 0 22.528761122932 0.35924106234624 -0.791474378558236 0 0 0 4.25145294601323
"266" 0 8.62367521383937 18.7144416666817 -0.55794061607669 0 0 1 NA
"267" 0 19.3253380264104 3.0456748394783 -1.48170036542543 1 0 1 NA
"268" 0 6.76749001074597 1.99978661967302 -0.256175611227666 1 0 1 NA
"269" 0 15.6268004948102 5.4625576278271 -1.42143911320099 1 1 1 NA
"270" 0 7.83503357915238 0.956627187874544 2.24096330547524 0 0 0 0.749536589535909
"271" 0 36.2577204286635 11.0502370223618 0.547158739459232 0 0 0 3.65401005227393
"272" 0 2.12962368046896 7.32346431525679 -0.232690715696161 1 0 1 NA
"273" 0 18.4120891488613 2.10403320466865 0.284813921963569 1 0 1 NA
"274" 0 7.64378184120362 6.29441773323433 -0.0866034895949487 1 0 0 0.805326085820268
"275" 0 6.48242334614341 6.86686090131088 0.403968397486045 1 0 1 NA
"276" 0 8.19622302966047 3.47404912169192 -0.860962870436248 1 0 1 NA
"277" 0 16.5030168277238 0.779993614264924 -0.358395807735883 0 0 1 NA
"278" 0 2.13863892206871 0.963348091081951 1.02200330946603 1 1 1 NA
"279" 0 2.95769070556969 1.14851440423034 0.130509602587783 1 0 0 2.77374334952571
"280" 0 10.1740541632766 4.20603005985253 0.545659297177462 1 0 0 1.1533070257266
"281" 0 16.8569618388068 0.954919072738318 1.672961108084 0 0 1 NA
"282" 0 16.5612049832994 20.6526761881437 -0.212832438344271 0 0 1 NA
"283" 0 9.16145820528142 5.0126301596195 -1.80338173471786 1 1 1 NA
"284" 0 15.6345528894573 9.44051009646093 2.09139542421519 0 0 0 0.985607695936989
"285" 0 0.752141900263255 2.94875744237891 -0.573293727973523 1 1 1 NA
"286" 0 17.2749425487076 7.01989873339032 -1.56723921511818 0 0 1 NA
"287" 0 7.04178113802039 1.01589638410114 -1.31847598012902 1 1 0 1.58331174095262
"288" 0 2.26924311617903 2.93487688703525 -0.0838714128271752 1 1 1 NA
"289" 0 3.00867504683209 12.3166889200693 0.115160853430815 0 0 0 1.10022854535212
"290" 0 4.27995319502291 12.4328633405813 -0.584657611273144 1 1 1 NA
"291" 0 3.87271207694621 14.6307486753325 -1.04543602138112 0 0 1 NA
"292" 0 9.11478223077252 0.384520666880493 -0.302186258116137 1 1 1 NA
"293" 0 8.93935489246787 15.9180173403173 0.246652220638413 1 0 1 NA
"294" 0 16.253272446097 0.516257981947734 -0.761865793090727 1 1 1 NA
"295" 0 5.5416888490287 3.91373904075031 -1.82551124797161 1 0 0 2.2202322009325
"296" 0 14.2826157799254 0.227815444466032 -0.297323366097401 1 0 1 NA
"297" 0 15.812760437611 4.42197109401788 -0.352952288603995 0 0 1 NA
"298" 0 36.202924693171 0.172637228847144 -0.713022963071105 0 0 1 NA
"299" 0 21.6755733676447 3.63549332977346 -0.526762574127748 0 1 1 NA
"300" 0 9.42501344829585 0.34630431059596 0.520540364064529 1 0 1 NA
"301" 0 40.6101910803124 0.202431929469957 -0.738724725571912 0 0 1 NA
"302" 0 21.1640513550873 11.4317321759089 -0.741844130296335 0 0 1 NA
"303" 0 1.92438318214439 10.1856511228125 -0.99294462201303 1 0 0 1.23994068377223
"304" 0 6.01170245559212 0.692451084126916 -0.261119543580591 0 0 1 NA
"305" 0 14.2508926551224 7.85779577086627 0.698416242261999 1 0 0 0.165680137393147
"306" 0 4.31519769256386 2.50187583273712 1.40816732317344 1 0 1 NA
"307" 0 10.2141288413245 5.71180212791553 0.836035725451772 1 1 1 NA
"308" 0 1.99276711858863 3.97256072959747 0.705506762886932 1 1 1 NA
"309" 0 21.5436262236161 5.45223365126519 -0.288302423698219 0 0 1 NA
"310" 0 1.14615833354268 5.02435024130378 -0.472554020926528 1 1 1 NA
"311" 0 4.0263156270653 8.6037871522835 -0.575722991133638 1 1 0 1.54922594312045
"312" 0 0.797982341954135 1.90348977722727 0.208585699117586 1 1 1 NA
"313" 0 18.7433553180039 0.349999088562362 -0.293875964228902 1 0 1 NA
"314" 0 7.72631566354276 14.9363533478172 -1.2183747037283 1 0 1 NA
"315" 0 17.9455480584805 3.98834178825005 1.58705073888168 0 0 1 NA
"316" 0 19.0960766999706 8.53458825767665 -0.240150201415837 0 0 1 NA
"317" 0 12.1363193460687 3.10137006175219 -0.2615060589422 1 0 1 NA
"318" 0 15.10476681366 10.3512830435214 -1.11372797168762 1 0 1 NA
"319" 0 5.27367025103525 3.25484274302716 1.21946850591403 1 0 1 NA
"320" 0 18.271638586085 8.30231471396157 0.251985288812399 0 0 0 2.48620406583857
"321" 0 1.39651546931655 3.42298504098987 0.681847093220523 1 1 1 NA
"322" 0 3.78770845446332 6.05392128396592 0.893148979206761 0 0 0 3.11891644606216
"323" 0 5.33109165247814 4.55840046080304 -0.193283378168671 1 0 1 NA
"324" 0 3.41270209805216 2.46193854574586 1.01100062016355 0 0 0 2.63155701747122
"325" 0 1.9938400850947 9.13746963228244 -0.503438451826779 1 0 1 NA
"326" 0 3.36592539260926 19.6497034569317 0.410254436964498 0 0 1 NA
"327" 0 10.6111196687152 11.2817787109759 -0.165321246954189 0 0 1 NA
"328" 0 13.5786942389344 4.83940105350058 -0.0783143341237314 0 0 0 5.73253024830747
"329" 0 23.3001640825046 15.4083533693361 0.507615590162004 0 0 1 NA
"330" 0 1.66076152471036 3.0322884368857 1.24330967941791 1 0 1 NA
"331" 0 7.00472608974492 3.60880858446054 -0.978107671223089 1 1 1 NA
"332" 0 5.84184702686648 6.32547636966475 -0.514143170053375 1 1 1 NA
"333" 0 9.19136955340205 34.2387533301892 -0.203965858680946 0 0 0 0.806630511266501
"334" 0 6.63179979397334 6.61424441231035 1.34806217903339 1 0 1 NA
"335" 0 16.6403128845305 6.98282436576561 1.40283207669 0 0 0 2.73407759992573
"336" 0 4.19295545769925 3.22962056677586 2.05204133512321 0 1 1 NA
"337" 0 2.88019048193302 1.64749728452284 -0.0782891132506694 1 1 0 2.18486522202075
"338" 0 3.35267210224016 1.58787726678825 1.47487964993493 0 1 1 NA
"339" 0 7.04407232776303 6.95719512328328 0.0863320561131063 0 0 1 NA
"340" 0 7.70916965789245 12.5751772799217 0.444806083989433 1 0 1 NA
"341" 0 14.1661277291216 7.57390111261567 0.0901957265801503 0 0 0 3.73545124294313
"342" 0 16.2642304105417 8.67421824755375 0.523794333342607 0 0 1 NA
"343" 0 1.41426922805047 0.437407476798054 0.276696598275967 1 1 1 NA
"344" 0 9.83586970224704 3.95390597940246 -0.835080462541452 1 0 0 1.57509225771457
"345" 0 40.9735900906838 7.46860912332005 0.325664536531727 0 0 0 4.3688766168508
"346" 0 5.98183853528109 2.08504607471045 2.59228311911267 0 0 0 1.35402824170442
"347" 0 1.30686964159475 13.433829536085 0.497717223193101 0 1 1 NA
"348" 0 4.40639334887906 0.182761780739584 0.090757332965896 0 1 1 NA
"349" 0 6.29626847942442 0.656240335070847 0.482680981991573 1 1 1 NA
"350" 0 12.7644476548067 2.90979269436387 -1.21891228437073 0 1 1 NA
"351" 0 11.5579702725306 7.93202978629584 -0.232438583769843 0 1 0 2.33677924448392
"352" 0 9.580470790708 3.03819504490942 0.513563773191299 1 0 1 NA
"353" 0 8.58049450579423 2.46080745210227 1.68216133278649 1 0 1 NA
"354" 0 7.83458111697171 8.6983038625857 0.180156767741018 0 0 0 2.16624400578775
"355" 0 5.78310791967142 0.230872679160804 0.101938624821728 1 1 1 NA
"356" 0 0.232929243189872 8.72998667494116 0.0563414617512517 1 0 1 NA
"357" 0 2.61711275471897 1.58132263464132 0.213670853672759 1 1 1 NA
"358" 0 17.5006373351045 13.9949542244299 -0.00928378357329586 0 0 1 NA
"359" 0 32.3302601453759 18.9318135283844 -2.32219068386827 0 1 1 NA
"360" 0 27.6087889095024 7.10463690336277 -0.544286808151283 1 0 1 NA
"361" 0 20.5756167169366 3.50577024591009 -0.296918456371426 0 1 1 NA
"362" 0 15.6208727732972 1.20976184935983 1.26215380512781 1 0 1 NA
"363" 0 25.1570544556188 26.6091591469257 -0.585328617444161 0 0 1 NA
"364" 0 15.2173468775782 4.66927336517192 1.41225619057762 1 0 0 1.55429914741274
"365" 0 6.88602973604021 1.62137592274719 -0.0425966049185923 1 0 1 NA
"366" 0 5.72340299279048 6.88731945151635 -1.09599946991471 0 0 1 NA
"367" 0 7.6542018717229 2.86912998540666 1.100201703479 1 0 1 NA
"368" 0 15.4544312922115 5.10623282896097 -0.929498561927266 1 0 0 2.65494454040461
"369" 0 6.84613182777433 8.18017450693172 0.78018956536666 1 0 0 1.00208593568437
"370" 0 8.0680753552 4.2395408824185 -0.0888908257727937 1 0 1 NA
"371" 0 39.7206404229474 0.173234553618457 -0.727107838705147 1 0 1 NA
"372" 0 13.7452863970664 3.14963665530778 -1.16548898019317 1 1 1 NA
"373" 0 2.75688180497177 13.0828413045418 -1.75964201990795 0 0 1 NA
"374" 0 2.9668805245697 8.05126740128042 0.816409869732648 1 1 1 NA
"375" 0 9.16369880207165 8.54537653875311 2.15921365455184 0 1 0 0.528955939583972
"376" 0 8.51650727073032 4.65220622531849 -0.647008931052259 1 0 0 2.03745567850585
"377" 0 17.4403331709765 5.19112703620915 0.153371591625901 0 0 0 1.13990087659144
"378" 0 3.69540489596868 4.71242938188163 1.39666012996242 1 0 0 1.84498598342808
"379" 0 25.1626076334895 5.49277107454462 -1.61717030490884 1 0 1 NA
"380" 0 3.78843451551898 3.68745406043019 1.51147808110067 1 0 1 NA
"381" 0 4.57460442408267 1.35700244894041 0.82179614055267 1 0 0 0.8585959047595
"382" 0 15.8230039303268 1.93985796900973 0.674676598022178 0 1 0 1.31289680340531
"383" 0 1.45685645097517 5.27830719521975 0.741916574201294 1 1 1 NA
"384" 0 7.86200559380832 1.61164848571752 -0.775140099041088 1 0 1 NA
"385" 0 37.356217403643 3.41413761636508 1.87561952971433 0 1 1 NA
"386" 0 1.06365722690861 0.158667071076908 -1.29887999392485 1 0 1 NA
"387" 0 2.74992137786529 5.26560561965739 -0.618974732650808 1 1 1 NA
"388" 0 9.61865702960704 2.67000113180114 1.6332645559743 0 1 0 2.13068746055754
"389" 0 10.7057412510371 14.4339474615444 0.695812718082559 0 1 0 1.72661406387922
