"Z" "Y1" "Y0" "x1" "x2" "x3" "ID" "D"
"1" 1 2.12251102316202 10.0444714925561 -1.25811913763549 1 0 1 NA
"2" 1 7.33846934569931 2.33134803699688 0.518269120776798 1 1 1 NA
"3" 1 4.72584378034163 2.48009334787213 0.0551700656224736 0 1 1 NA
"4" 1 16.000340139675 10.9144751779964 -0.430459354778273 0 0 0 0.993699116807994
"5" 1 4.07398280085949 13.3650561312962 0.795900369852472 1 0 1 NA
"6" 1 39.1262889900946 5.3184321931011 -1.08690099383274 1 0 1 NA
"7" 1 1.54484170038518 1.98765301575911 -0.0581166623954471 0 0 1 NA
"8" 1 3.83500277117827 18.4596172453398 -0.0832932625068195 0 1 0 1.06304538160192
"9" 1 8.94066993223902 2.83456576207225 0.350898041229739 1 0 1 NA
"10" 1 1.72995957824269 8.59395710971647 1.28775662110151 0 1 1 NA
"11" 1 12.220924236865 29.5980481346375 -0.488219556475462 0 0 0 0.878613126030386
"12" 1 12.5468421849095 0.0790006421026861 -0.313131727992471 0 0 1 NA
"13" 1 3.34439419669029 0.749631950441576 -0.078202648976847 1 1 1 NA
"14" 1 3.51560608733393 9.86996934275719 -1.00804053852199 1 1 1 NA
"15" 1 15.5547777380504 13.8545695017822 -0.142169862398241 0 0 0 3.10491570164616
"16" 1 6.22399492202451 10.1018883473056 -0.300478112004008 0 0 1 NA
"17" 1 5.98897095239451 17.013518763812 -1.71474227023263 0 1 1 NA
"18" 1 3.1537626115627 0.985608833656561 1.97410330794096 1 0 1 NA
"19" 1 77.4558504461758 5.19828662966188 -2.54497644185977 0 0 1 NA
"20" 1 5.72496984317241 1.71381948756518 0.0484516245316329 1 1 1 NA
"21" 1 29.0363949491311 6.2018182350491 -0.0925196463576188 0 1 1 NA
"22" 1 4.31178637156018 0.105571352083917 -0.262873958096167 0 0 1 NA
"23" 1 2.85612158500775 5.23636478842759 -1.23922481615821 1 1 1 NA
"24" 1 5.94764102164771 3.58985938979255 2.46971126948847 0 0 0 2.57690036026626
"25" 1 2.98626034949723 0.439517528746447 -1.05676501926911 1 0 1 NA
"26" 1 1.69102841974338 30.4395378440095 -1.70173973076258 0 1 1 NA
"27" 1 8.04616234554591 4.60072162569328 -1.10301601730667 1 0 1 NA
"28" 1 4.6723301280572 4.91091263762547 1.49715336526295 0 0 0 3.12464781999706
"29" 1 6.33985296849878 3.01004954287393 -0.328173341650859 1 1 1 NA
"30" 1 23.7864607698184 1.17308214661405 0.324096082035375 0 0 1 NA
"31" 1 7.52676889107497 10.688104068878 -0.0434731691679381 1 0 0 5.11734006317975
"32" 1 0.867308049388167 6.80462687009004 1.94229529169397 1 0 0 0.316815386854465
"33" 1 12.5257738483864 2.60013130002933 -1.60559681156763 1 0 1 NA
"34" 1 20.3882307278909 8.6374915879045 0.0012984567189378 1 0 0 1.73612913930762
"35" 1 3.11719270268554 5.38869954899429 -0.607153806331006 0 0 0 2.88771792041171
"36" 1 14.3245771515996 20.4717372671278 -0.668740031680339 1 0 1 NA
"37" 1 2.69000824814933 7.37716858740093 1.41164133201602 0 0 0 1.6840087836134
"38" 1 1.64648664542977 6.41442336724136 0.443949198476691 1 1 0 1.28182897774986
"39" 1 3.90346753790319 3.11865083732693 0.18366229464232 0 1 1 NA
"40" 1 1.83361319432618 8.29841932009943 0.196989066160061 1 1 1 NA
"41" 1 12.963328677132 25.9252520428406 -0.0876023722835263 0 0 0 3.60492550836403
"42" 1 0.496671811525597 3.69427867160618 -0.947717083441253 1 1 1 NA
"43" 1 0.834748360423095 25.5745383463603 -0.384629446218957 0 0 1 NA
"44" 1 2.04096252711206 18.2254825628192 0.629823335126945 1 0 1 NA
"45" 1 6.17585567342055 2.77190619462013 0.00557538009794308 1 1 1 NA
"46" 1 7.29345639210589 3.57561506956243 0.696050819769452 0 1 0 1.77488745612339
"47" 1 1.72773239963445 8.24440968637304 0.6549640625948 1 0 1 NA
"48" 1 9.18641823222818 15.1522177984269 -0.93895554819535 1 0 0 3.18376404100913
"49" 1 4.53208879501261 9.43587206295854 1.6598020000121 1 0 0 0.126271235214627
"50" 1 6.14929511744044 9.38418679174076 -0.103817210205027 0 0 0 4.13735770723725
"51" 1 5.77898928671399 1.61926399789039 -1.13213858245611 1 1 1 NA
"52" 1 4.77807783716457 3.89467697474363 -0.742398682259004 1 1 1 NA
"53" 1 9.52151881507161 0.140966456061256 -1.58644633634269 0 1 1 NA
"54" 1 30.5623253489293 17.2421667765523 -1.24895613088471 0 0 1 NA
"55" 1 4.37042790004354 7.94045012858415 -0.53412071319964 0 1 1 NA
"56" 1 3.77793343027403 17.6009065213925 -0.0391723435199895 0 0 1 NA
"57" 1 0.946688919230924 4.40298838404712 0.21344702631493 1 0 1 NA
"58" 1 10.6884556589751 13.5941371383086 -0.00951947327464391 1 1 1 NA
"59" 1 14.8907216161319 5.09445036000783 -0.98444228871141 0 0 1 NA
"60" 1 23.8650769195001 2.75672437242855 -0.706913367362927 0 0 1 NA
"61" 1 1.12697704811086 8.08837758650184 2.40406669068031 1 1 0 0.693455649716639
"62" 1 5.20104736093008 1.61665681620429 1.30045227175058 1 0 0 1.36012313102316
"63" 1 0.0908487206287585 10.5625889827099 -0.919288698176216 1 0 1 NA
"64" 1 3.58831371770467 6.37615835052762 -0.845963967480029 0 1 1 NA
"65" 1 6.35642013823656 6.94638205010377 0.494847493086023 1 0 0 3.20222487796177
"66" 1 12.9405643610507 9.69380016672221 0.244174251217656 1 0 1 NA
"67" 1 5.03889120208709 4.17725675251226 0.463608757073043 1 1 1 NA
"68" 1 2.98570281666967 20.8753566991963 -0.983129010776725 0 1 1 NA
"69" 1 41.3575744886368 12.4251992423201 -0.478836217445333 0 1 1 NA
"70" 1 9.54325834464889 19.5029123143335 -0.170518360627397 0 0 1 NA
"71" 1 29.9085987631164 12.2055553190632 -3.50732811229406 0 0 0 7.01867789950278
"72" 1 1.83783835323691 13.1303926184572 1.16878729300688 0 1 0 1.55669672660859
"73" 1 3.80325075172793 2.24791443996172 0.706177376455927 0 0 1 NA
"74" 1 6.43548170191961 11.1579938230351 2.21216478550711 0 0 0 1.42758305383794
"75" 1 2.03113881201976 2.4641320839894 0.871788227978055 1 1 1 NA
"76" 1 3.30600211994161 32.4398907104245 0.585812299054387 0 0 1 NA
"77" 1 7.45728668305741 2.88025006705748 -0.776544353408396 0 0 1 NA
"78" 1 4.57803907687109 6.48488716554114 0.508699614561862 0 0 1 NA
"79" 1 1.56063003091618 5.81103977282462 2.02217839241053 0 1 0 0.703703437031474
"80" 1 6.19949379698541 1.82191981124302 0.147100369419819 1 0 1 NA
"81" 1 13.0186977345232 0.352634810275893 -0.527200853041247 1 0 1 NA
"82" 1 12.119171203031 8.68808833480444 -0.320580265602279 1 0 1 NA
"83" 1 4.41110716535013 3.64843712853286 -0.135901511332062 1 1 1 NA
"84" 1 32.7422846115495 41.5420971349506 -0.905128528170692 0 0 1 NA
"85" 1 10.6203874342067 7.23600509712265 -0.357322616190961 1 0 1 NA
"86" 1 3.45120700876728 6.52705318227986 0.803272185508152 1 0 1 NA
"87" 1 26.8614704774507 1.713833682159 -0.293418091859928 1 1 1 NA
"88" 1 4.43403763728473 2.11019701181446 -1.16824445791688 1 0 1 NA
"89" 1 2.46592006110162 4.59907536414743 1.41784748431754 0 0 0 1.9642215907928
"90" 1 15.5030903153863 7.30907881764082 -1.04952911329704 0 1 1 NA
"91" 1 12.5905895211004 3.8749882921535 -0.880304201120866 1 0 1 NA
"92" 1 6.80350960223123 2.87956107469978 1.05901049567154 0 0 1 NA
"93" 1 13.2529616971127 5.29973621967887 -0.194323706638939 1 0 1 NA
"94" 1 4.66642483966736 3.84730098725566 0.77520553183352 1 1 1 NA
"95" 1 9.40632384578347 22.3666865652432 -0.351809690920572 0 1 1 NA
"96" 1 8.35970005195975 1.21409701120487 -0.257898984695032 1 1 1 NA
"97" 1 9.68543959503752 0.678891541592479 0.638813805362938 0 1 1 NA
"98" 1 6.98597619625162 6.05577653962304 0.506485837030008 1 0 1 NA
"99" 1 4.29222596062125 8.93818771102235 0.51077398561443 1 1 1 NA
"100" 1 4.48375395988006 7.67089857839803 -0.188840647564468 0 1 1 NA
"101" 1 3.56636706502606 4.19249006949257 -0.200448810129565 0 0 1 NA
"102" 1 10.9715080656683 15.5876937055851 -0.323041493660874 0 0 1 NA
"103" 1 21.1989367547313 3.91388422856602 0.0164451450868878 1 0 1 NA
"104" 1 21.2955302956727 9.98400241525758 -2.21838392904804 0 0 0 5.11666270800372
"105" 1 10.864181109123 7.8178192074933 -0.880757216070061 1 0 1 NA
"106" 1 7.84584626463906 1.34318015860963 -0.201796380098617 1 1 1 NA
"107" 1 4.55608938399189 16.5293040298037 -0.410862804737955 0 0 0 2.423481530549
"108" 1 6.62291775268886 1.74536509103208 1.59218297344204 1 0 0 0.306133000480068
"109" 1 0.486346188119686 2.67679028258993 -0.936491818318222 1 1 1 NA
"110" 1 20.2815444895799 4.06547039785672 0.793937049597801 0 0 0 2.41370796582065
"111" 1 10.5429112191126 10.9618091338097 -1.0867771303686 1 0 1 NA
"112" 1 1.06812126141569 3.92261169882731 1.58684610476209 0 0 0 0.944809432315072
"113" 1 7.01196625216624 12.2320595741767 0.636353785952225 0 0 0 1.98144199360759
"114" 1 15.4504532339522 34.2065924194907 -0.430523802579882 0 0 1 NA
"115" 1 12.665922947916 31.0105361037679 0.653442918577293 0 1 1 NA
"116" 1 4.69805779914857 3.03750646916608 -1.37487360993162 1 0 1 NA
"117" 1 18.899332605474 13.2067978332138 1.09236022177446 0 0 1 NA
"118" 1 4.77847095469159 4.27001195604 -0.215320154035419 1 0 1 NA
"119" 1 6.65512262854879 2.39337196091819 0.718183133919843 1 1 1 NA
"120" 1 4.56959286188232 4.18562368358579 -0.0196640616175366 1 0 1 NA
"121" 1 24.3870777278355 10.2484517009094 -0.363859595267771 0 1 1 NA
"122" 1 2.48387046036086 4.87217047836767 1.23503181911652 1 1 1 NA
"123" 1 3.92186779612681 1.05276294896138 1.42929888883114 1 1 1 NA
"124" 1 9.51589174293614 11.389196882969 -0.873995337916177 0 0 0 3.65947368960035
"125" 1 2.87856858886641 1.89188032404094 1.50333502282428 1 0 0 0.824125936578676
"126" 1 14.6985553140053 4.89740017309735 0.4332820356529 0 0 1 NA
"127" 1 0.786644472885502 2.05012269350537 1.0506967989032 1 1 1 NA
"128" 1 7.59980464404189 2.08287101905488 -1.43819692812329 0 0 1 NA
"129" 1 14.2384562726401 6.01147659792599 0.312168420868015 0 0 1 NA
"130" 1 5.02163768589102 11.7021581982896 1.58900537566295 0 0 1 NA
"131" 1 9.1579963776173 2.99969604108217 0.570397126291878 1 0 1 NA
"132" 1 7.59964317019899 10.5522503653571 0.40773692298271 0 0 0 3.65384939465585
"133" 1 1.04582429920074 5.47927678359088 1.65188646075606 1 1 0 0.969134866581734
"134" 1 5.1147023116937 1.29430659372977 0.352579556362541 0 0 1 NA
"135" 1 2.43180796653697 2.10289209948269 0.483110464682819 0 1 1 NA
"136" 1 3.6292526577598 2.93074116160176 -0.665047637941214 1 0 1 NA
"137" 1 0.834089449632451 15.2311784881837 -0.720300207687181 0 0 1 NA
"138" 1 2.51886101537592 4.88031985748045 1.42573614774152 1 1 0 1.2731715315065
"139" 1 13.6979025561098 7.71651522176206 0.393348975818592 1 0 1 NA
"140" 1 6.46871289025943 1.34273686872644 -0.0683307199275745 1 0 1 NA
"141" 1 2.80319033455771 12.0252552261831 0.204818323961189 1 0 1 NA
"142" 1 1.51531302558566 28.0395360966986 -1.05943441563538 0 0 1 NA
"143" 1 26.0767108955152 3.16857651373016 0.961508913505932 1 0 1 NA
"144" 1 22.8454920340915 16.8935985762658 -1.3641457961134 1 0 1 NA
"145" 1 14.8416023149671 1.92968184197058 0.351098742862052 1 0 0 1.75491058980295
"146" 1 10.5626301121157 11.689743181135 1.33045569828207 1 0 1 NA
"147" 1 4.79927394217103 3.73118392140805 1.08159073819603 1 0 1 NA
"148" 1 16.7842143817322 0.70805442217743 -0.248396353464627 1 1 1 NA
"149" 1 0.832647700773111 1.74088744424471 -1.68147875230928 1 0 1 NA
"150" 1 1.97119295436774 4.77024041203508 0.503557291830148 1 1 1 NA
"151" 1 7.09718228578713 5.9732135656871 1.79399860592681 1 0 0 2.20540878059138
"152" 1 6.0796686655327 4.19524380806963 2.10664471519472 0 0 1 NA
"153" 1 13.1106768378663 6.04109512300818 0.0733346831453278 1 0 1 NA
"154" 1 37.1040668146868 17.1846422407609 -2.45864437148447 0 1 1 NA
"155" 1 3.44668500335302 18.0149386338995 -0.52437634441298 0 0 1 NA
"156" 1 1.82477423674553 2.65631766594494 -1.4451781652405 1 1 1 NA
"157" 1 22.6739942723067 12.9401801782136 -0.745729458589475 1 0 1 NA
"158" 1 45.7210100532332 2.69086273782294 -1.8765085703821 0 1 1 NA
"159" 1 11.0614765953341 4.7245059141396 0.181486546181072 0 1 1 NA
"160" 1 1.19512088279377 9.25111753317264 0.434055946799872 0 1 1 NA
"161" 1 13.2638497194258 30.0904611057793 -0.710686285939938 0 0 1 NA
"162" 1 4.51147179362914 7.8388311026132 0.997902070857396 1 1 1 NA
"163" 1 11.065201291989 3.87335770362324 1.95746426873929 0 0 0 2.22880109270305
"164" 1 11.1574126371612 1.93285805747933 -0.754367834466027 1 1 1 NA
"165" 1 29.7524279353243 4.15889164642998 0.247442896479717 0 1 1 NA
"166" 1 3.90028981319609 2.75251930900254 -0.222592368999302 1 1 0 2.03952822058649
"167" 1 11.2109008882259 12.4362903195315 1.06082922748772 0 0 0 1.24998585478375
"168" 1 6.66162442587667 1.61957045929261 -0.0606557300691468 1 1 1 NA
"169" 1 0.992248231605966 6.78784011368105 -0.674388010794583 0 0 1 NA
"170" 1 16.4132521168206 0.318923628865217 1.86154571601494 0 1 1 NA
"171" 1 4.283144974786 8.3875687129952 0.38349707463628 0 1 0 1.67915445911202
"172" 1 0.982575555916108 1.12068548134903 0.86907962170838 0 1 1 NA
"173" 1 16.2851281719259 0.587263475820669 -0.280176551182133 1 0 1 NA
"174" 1 6.85104515151741 2.3041102775139 0.715690515767674 1 0 0 0.230649587352047
"175" 1 4.69687679316793 2.47826937147911 -0.682317245122381 0 1 1 NA
"176" 1 2.14707733752673 5.38108980118218 -0.547395990179341 0 1 1 NA
"177" 1 8.68992761543598 5.77035675887577 -1.50761796118806 1 0 1 NA
"178" 1 9.52526269804666 5.48313103237829 -1.497055696682 0 1 0 2.91478179048081
"179" 1 18.1935017881961 15.6173087916505 -0.167595720918277 0 0 0 3.10029498624257
"180" 1 6.91619604988718 5.7928594945135 0.793554961261284 0 0 0 4.5980903397546
"181" 1 0.532407011723651 0.468454000126697 0.844971174317715 1 1 1 NA
"182" 1 2.11208668943297 6.04099675756084 -0.880756725006289 0 0 1 NA
"183" 1 9.96014527765889 12.1526070051072 0.838069917592186 0 1 0 1.01599453299265
"184" 1 32.183308367464 54.2775096586456 -1.1362324307008 0 0 1 NA
"185" 1 9.58955301502218 4.49775329534625 -0.170555611742323 0 0 0 3.87600848414037
"186" 1 4.98427063255709 7.16565881771262 -0.260965988068154 0 1 1 NA
"187" 1 0.641625815118171 1.70490388492905 0.234843822036913 0 1 1 NA
"188" 1 3.17460241257666 1.58248783778308 -0.303151943243686 1 1 1 NA
"189" 1 7.82331376494614 5.42768533336626 0.0115047447456127 0 1 1 NA
"190" 1 5.61117325743206 5.27293961718614 -0.206400669030763 1 1 0 2.72741284358408
"191" 1 5.34867778013402 13.9318495169638 -0.843968553284707 1 1 1 NA
"192" 1 9.10764943214932 5.34386272273445 0.579514930025112 1 0 1 NA
"193" 1 25.5191457531902 12.1491936763993 -0.108331372292813 0 0 1 NA
"194" 1 18.0630168398992 8.17584032672237 0.910580945010615 0 1 1 NA
"195" 1 9.35490246993892 4.11474837892108 0.893743383414351 0 0 0 3.44606162479655
"196" 1 22.1357805803686 1.66143680096419 0.167447163879989 1 0 1 NA
"197" 1 6.82351192410967 0.806246688023216 1.61776222883144 1 0 0 0.230930077233887
"198" 1 5.12774277018165 3.26623211751907 0.433534341164566 0 1 0 2.77219070662884
"199" 1 19.7747810858632 5.85444825781181 -0.841557655552268 0 0 1 NA
"200" 1 15.2142167100199 10.8242496377898 -0.422712319335892 0 1 1 NA
"201" 0 8.71095495962108 2.02416237128022 0.624607244570823 0 1 1 NA
"202" 0 7.647686201858 14.1189579386289 -0.224704949131246 0 1 0 4.41161432779651
"203" 0 4.92766099086982 12.6854760076032 0.140687800463402 0 0 1 NA
"204" 0 6.76490137968003 10.6053597548358 -1.30083009187817 1 0 1 NA
"205" 0 9.69151458125113 2.30224271938287 1.19222837672946 0 0 0 1.35137623907208
"206" 0 7.85017334361741 4.00171617350356 0.361070481271114 1 0 0 1.08846564426637
"207" 0 7.75465834712883 0.252976243068107 0.837497791521417 1 1 1 NA
"208" 0 4.54165657178474 18.006154856379 1.29471521208116 0 0 0 0.799361038909306
"209" 0 4.83602741282327 10.1856321488705 -0.349308757505327 1 0 1 NA
"210" 0 1.86129120064006 6.61375738941444 -0.313923195178391 1 0 1 NA
"211" 0 3.96505379894585 5.06761525886701 1.73158610208798 1 0 0 1.69819125239122
"212" 0 2.06211986296731 27.0996936721544 1.29277553167276 0 0 0 0.981933187407013
"213" 0 7.68813833822831 10.262556926515 0.399194461060916 0 1 0 0.723767419061616
"214" 0 32.5239220577925 11.1137249747689 -0.841752620210556 1 0 1 NA
"215" 0 9.10771173291557 2.20335323566088 -0.197813486307581 1 1 1 NA
"216" 0 8.59699799675494 6.53984953436373 0.213739671674091 0 1 0 2.46634797264139
"217" 0 17.5810477024652 6.10322493739414 -0.999641213757216 1 1 1 NA
"218" 0 7.7420033808162 3.59195564371659 -0.0460876590435786 0 0 0 1.98448520227438
"219" 0 6.63967328434524 5.04577472192909 -0.00115119620348807 0 0 1 NA
"220" 0 17.4757833025491 3.32140922072725 -0.149395397840586 1 0 1 NA
"221" 0 9.86638083147482 4.45067369044353 0.00281825441565245 0 0 1 NA
"222" 0 9.32274175675249 22.5877679032104 0.376759939362186 0 0 0 3.55472082392786
"223" 0 5.09275327117394 24.2170222695728 0.320202839947828 0 0 1 NA
"224" 0 13.869635962788 3.33066163569835 2.60716377160564 1 0 0 0.686051373301274
"225" 0 1.64980018491906 2.01290871200824 0.123516106101034 1 1 1 NA
"226" 0 6.22187579799399 7.04693614937276 -0.968391272354266 1 1 1 NA
"227" 0 1.88669219442888 5.0267511279935 -0.310603145898353 0 1 1 NA
"228" 0 19.238851909678 44.704321876309 -1.84710324720453 0 0 1 NA
"229" 0 5.57111558282764 3.61950951168564 0.596558098302427 1 1 1 NA
"230" 0 2.00328948263374 2.75930535773557 1.93643354345157 1 1 0 1.62264607184802
"231" 0 19.4288239269629 2.89330953364746 0.148774705349521 1 0 1 NA
"232" 0 16.7775602911278 5.53135754756075 -1.11311849191391 1 0 1 NA
"233" 0 27.941852037097 2.8593517340898 -0.0964100518553437 0 0 0 1.43938447045119
"234" 0 13.2411148414984 6.5044275179419 -0.304642414533321 1 0 1 NA
"235" 0 8.82256866820787 6.81506696261688 0.761331327965035 1 1 1 NA
"236" 0 3.66474548209808 8.86815963218225 -0.831132130061477 1 1 1 NA
"237" 0 23.5418483093661 5.77303815788309 -2.34221890886003 1 0 1 NA
"238" 0 6.44758279974639 20.7540388578353 -0.114625837586488 0 0 0 1.36301375267663
"239" 0 5.49810442087486 6.22402136984052 -0.596377485983399 1 0 0 2.90666401526801
"240" 0 8.0544269311377 3.83789905346413 0.537381777403339 0 0 1 NA
"241" 0 5.72156783241716 8.78137052440359 0.767340625260694 0 1 1 NA
"242" 0 16.185294575801 14.5877545986477 -0.392229998640083 0 0 1 NA
"243" 0 0.905999570557753 1.67972122741028 -0.0068949343714983 0 0 1 NA
"244" 0 29.2902986353574 0.526929847313552 0.0477677622431071 1 0 1 NA
"245" 0 6.6428460065067 5.2479201658263 0.756692358436852 0 1 1 NA
"246" 0 10.3465278956528 5.04867731578707 2.33521244784003 0 0 0 2.92545647986166
"247" 0 20.2368311362132 5.31552907386963 -0.72025265585917 1 0 0 0.651963450503284
"248" 0 3.62075957979388 1.95125620547512 0.591939331905443 1 0 0 1.53119891570609
"249" 0 10.2442395995954 2.00240856449105 1.2363898141472 0 0 1 NA
"250" 0 19.4914210983342 11.565474808906 -1.09186737597434 1 0 1 NA
"251" 0 8.00842133032387 2.863350952916 0.725603538432767 1 0 1 NA
"252" 0 7.39186478628745 4.10210938272396 0.189105035826268 0 1 1 NA
"253" 0 17.5032816116591 60.7200968021206 -1.07422358826916 0 0 1 NA
"254" 0 4.86410723131286 7.05032537449274 0.0500496202028242 0 0 1 NA
"255" 0 2.02028165778617 10.1871417611954 1.03720384928439 1 0 0 1.13831585633509
"256" 0 6.01043009564432 8.01930675006361 0.196786055115882 0 0 0 3.14847426651569
"257" 0 8.46977634367123 10.4196879377953 0.0285761289441386 0 1 0 2.38353033641499
"258" 0 18.0609081210055 15.0140662525191 -0.0308672403354529 0 0 1 NA
"259" 0 7.35962392386237 7.87296381755806 1.12724472287699 1 0 1 NA
"260" 0 6.61187234228282 7.94243599852697 0.321841166250694 1 0 1 NA
"261" 0 2.89816695285341 3.23006037582626 -0.427308026883916 0 1 1 NA
"262" 0 29.5605895970604 1.76451210631715 1.2810349315825 1 0 1 NA
"263" 0 3.02280984244748 2.58844096026016 -0.534138801886979 1 1 1 NA
"264" 0 1.75965181103665 1.95755263907668 0.53063353254345 0 1 1 NA
"265" 0 6.72416401205859 5.58905194651825 -2.28724287933767 0 1 1 NA
"266" 0 21.1103273705816 5.54123921689753 -0.229950883937034 0 1 1 NA
"267" 0 24.5213803021387 17.5609202454189 -1.79130864031093 0 0 1 NA
"268" 0 1.44575050832141 11.9430763377121 -0.36003460111338 1 0 1 NA
"269" 0 5.8073926635354 5.11256672362915 -0.0111717356617272 1 1 1 NA
"270" 0 4.22928809187341 3.94048227722731 0.828169459952524 0 0 0 0.621381991697262
"271" 0 7.15618426483969 6.78300632419513 -0.0566557621997258 0 0 1 NA
"272" 0 15.7390147089336 0.133729165475035 2.00112273790293 1 0 1 NA
"273" 0 1.49393632512317 1.17804696787682 -0.281249816141293 1 0 1 NA
"274" 0 10.7722017309259 15.3722722791514 -1.13113784903769 0 0 0 5.58986355399045
"275" 0 2.08231613856963 10.5918333885238 0.98962338286189 1 1 0 0.85596430654936
"276" 0 3.67395849268535 4.1907394144807 -0.33455936317902 1 0 0 3.06787034290511
"277" 0 5.61635695972575 0.515723591421121 -0.61499370938287 1 0 1 NA
"278" 0 19.8406013777806 21.2738730107607 0.42242837039001 0 1 0 0.407787777872903
"279" 0 21.27653275073 0.0351749853226234 -0.0467779682008137 1 0 1 NA
"280" 0 22.321161936654 11.0409541935732 0.595047298037289 0 0 1 NA
"281" 0 5.80710239273238 17.1580378194943 0.554831765569783 1 0 0 1.06601727444834
"282" 0 2.47930621852374 16.6496350110237 0.113126793627704 0 0 0 1.92595965747734
"283" 0 4.807203489592 6.79206499358694 -0.543553171846524 1 1 0 3.27254973030759
"284" 0 10.6253589290648 34.8423543838455 -0.938605068700697 0 0 1 NA
"285" 0 6.25241602044093 0.515990722818428 0.0560128682960338 1 1 1 NA
"286" 0 12.6269589603447 0.571025779843803 -0.290127338130168 1 1 1 NA
"287" 0 32.8401378529787 7.98712654706809 -2.23282379527972 1 0 1 NA
"288" 0 18.3402792311792 20.0332736384361 -1.3131089293842 0 0 1 NA
"289" 0 20.047227866428 4.54095009272188 0.533756483157225 0 1 1 NA
"290" 0 4.10304749939789 0.16182672744724 0.463147287615584 0 0 1 NA
"291" 0 13.0585621048525 9.68702257214495 -2.37298023215199 1 0 1 NA
"292" 0 3.21159740179592 11.5178027501746 0.236085078001318 1 1 1 NA
"293" 0 2.30619689984124 3.1115936810796 0.603828551766612 1 1 1 NA
"294" 0 2.94697017535371 0.780488972474714 2.16030591465629 1 1 1 NA
"295" 0 4.25915978852433 4.43628658330582 0.29905443645911 1 0 0 1.50001912871438
"296" 0 14.0570134632488 9.64977227992082 0.307574422529644 1 0 1 NA
"297" 0 3.18535590463883 33.2595566808492 -0.541260060874461 0 0 0 2.29631440342077
"298" 0 11.8713461744821 15.1415077192996 -0.341874413799897 0 0 0 3.18561411232325
"299" 0 9.4248882846815 7.42261388076395 -0.919085004953174 1 0 0 4.33921249888042
"300" 0 27.9156173261366 11.5082407244279 0.622552738466259 0 0 0 2.55604515415166
"301" 0 2.90318364045653 75.1100708671199 -2.03766036317798 0 1 0 0.288222668003377
"302" 0 2.48293686282217 2.40657484497745 1.88636346858825 0 0 0 0.935308510002699
"303" 0 3.96376645715159 34.7557204805409 -1.07287171012695 0 0 0 0.70810927553651
"304" 0 20.6543374697272 4.75728444039647 -0.733679834891157 0 0 1 NA
"305" 0 4.13942132256096 5.22773574464952 -0.669610431398486 1 0 1 NA
"306" 0 5.76242496625341 8.14253390777812 -0.883731878922621 0 1 1 NA
"307" 0 16.8441289092195 0.905531529795722 0.238391192801336 0 0 1 NA
"308" 0 7.74086129879704 0.115832114241399 -1.02149487299208 0 0 1 NA
"309" 0 14.3334998486376 9.16371609538749 -0.697943529481178 1 0 1 NA
"310" 0 11.2893504083519 30.70100866695 0.0938693829001055 0 0 1 NA
"311" 0 13.345151511365 3.16632660913023 -1.30857035503471 1 0 1 NA
"312" 0 4.11811787526351 1.39330876757579 -0.306449254732744 0 0 1 NA
"313" 0 1.97160478350471 1.54852681707557 0.0736780515493909 1 0 1 NA
"314" 0 14.0697447229954 7.24843223821073 0.741925569038947 0 0 0 0.947377433833671
"315" 0 7.77737582199818 8.43620809122311 -0.668138327884575 1 0 1 NA
"316" 0 6.15354127299202 2.23368454409289 0.685552019129101 1 0 1 NA
"317" 0 20.8909907256068 8.58437909054032 -0.314204783508787 0 1 1 NA
"318" 0 11.8594414936426 3.56146418176976 -2.13271640546568 0 0 1 NA
"319" 0 1.11184336996442 7.5520863006419 1.48335095295645 0 1 0 0.130510599049088
"320" 0 11.8490819637187 1.25731793484089 0.0995366894975037 0 0 1 NA
"321" 0 1.82410303132262 9.61335936405094 0.466831386796306 0 1 1 NA
"322" 0 23.0589266760245 12.8050380566181 0.792840303002411 0 1 1 NA
"323" 0 3.51566031627912 2.52659150415375 1.03274892190337 1 0 1 NA
"324" 0 0.946381430118866 16.2412636489186 0.802401943190778 1 0 1 NA
"325" 0 15.5238042644317 15.0365424768983 0.275405844962113 0 0 0 1.57830372980694
"326" 0 5.15106073114401 2.86194889672505 1.13320490013201 1 0 0 1.24416659282639
"327" 0 2.91695129296394 5.34346762114468 0.0989142454916182 1 0 1 NA
"328" 0 5.66157983677243 11.3510155480728 1.50616781956687 0 0 0 1.2053330198427
"329" 0 14.873130244442 5.97345019628306 -0.114914513636692 0 0 1 NA
"330" 0 13.3431264820331 2.02456439098093 -0.483423556392429 1 0 1 NA
"331" 0 1.99070978264822 10.2595098618276 -0.88466309602805 1 1 1 NA
"332" 0 1.41392033523623 7.13830538945413 -0.432581894423396 0 0 1 NA
"333" 0 8.4651525381253 2.86404567700571 0.423463639802422 0 1 1 NA
"334" 0 6.46823754581623 1.7364911404513 2.68079219821781 1 0 1 NA
"335" 0 14.8970335948675 15.0909896435329 1.25697567634202 0 0 0 0.549137635644629
"336" 0 4.84042891916955 8.13498791023396 -0.878933899382283 1 0 0 3.19680297455646
"337" 0 5.46836198520988 0.775772363485215 -0.15183380175338 0 1 1 NA
"338" 0 9.40331624700027 10.5001998331828 -0.908787695210632 0 1 0 2.18199422831705
"339" 0 5.67873051713242 1.53096663122393 1.0646675579168 0 1 1 NA
"340" 0 9.4048844018695 6.64960219574858 -1.0261992930393 1 1 1 NA
"341" 0 17.9022344650223 3.18287382621839 0.816234086431771 0 1 1 NA
"342" 0 16.1305374445813 0.19675948170429 0.664500788356893 0 0 1 NA
"343" 0 2.10966265856881 6.15194970465251 -0.0794814167774004 1 0 1 NA
"344" 0 0.29515839932819 6.76389217074309 -0.321430454229523 1 0 1 NA
"345" 0 60.6347409813278 22.2272107841045 -1.43249971287055 0 0 1 NA
"346" 0 5.46419127938226 15.3825747172907 -0.772238625379306 1 0 1 NA
"347" 0 30.2033547718038 13.126375774786 0.848823981157231 0 0 1 NA
"348" 0 2.30124392064574 2.95691302027279 -0.687870289337328 1 0 1 NA
"349" 0 1.32695402602361 3.01886757712415 0.947138018324055 1 0 1 NA
"350" 0 0.900307394569434 7.09959999057 -0.648130474732006 1 0 1 NA
"351" 0 11.329736688288 9.31269314013876 1.48212899889045 0 0 0 3.56103126199838
"352" 0 7.6891509208553 10.3133727538384 1.75599290120956 0 0 1 NA
"353" 0 0.643891539508738 2.41246197772701 -0.856178741421903 1 0 1 NA
"354" 0 4.92092657231309 4.48468668928378 -0.410680644344999 0 0 1 NA
"355" 0 0.123370188628475 6.26822836398681 -0.57327494678097 1 0 1 NA
"356" 0 11.5192822542215 52.0616109135284 -1.55169008949133 0 0 1 NA
"357" 0 3.99119750355966 13.7080466359397 0.427491695279721 1 0 1 NA
"358" 0 5.97048903862145 1.52225490482122 0.0640042495011106 1 0 1 NA
"359" 0 5.54286512181986 21.5874248738735 -1.25190380558581 0 0 0 1.41711139968787
"360" 0 15.0778198217139 22.8466758610742 -0.317525785885872 0 0 1 NA
"361" 0 2.18589739841604 7.9226969528904 0.621967110827748 1 1 0 1.18629654107495
"362" 0 6.02138960329587 16.0671836565741 -0.360750388134617 1 0 0 2.10479358996993
"363" 0 5.02201941337221 7.66309891308082 -0.0778706084753508 0 0 0 4.72544526905965
"364" 0 25.7442758463168 13.7208650071414 -0.536646819753599 0 0 1 NA
"365" 0 5.8519867311352 1.3696423113395 1.52169430675829 0 0 1 NA
"366" 0 2.07344340216029 4.84286022031129 0.938001339518272 0 1 0 1.20241323056448
"367" 0 5.83463977259555 7.04097906860484 1.1616519734092 1 0 0 1.84078389895786
"368" 0 7.39202943611806 21.7731026231669 0.0232792117745484 0 0 1 NA
"369" 0 3.15501176364337 4.50678285847931 1.44183171909571 1 0 1 NA
"370" 0 11.880493064272 14.3647073381226 -0.0640811263615723 0 0 1 NA
"371" 0 15.9188535305403 15.2014871420605 -0.982379141201635 0 1 0 3.30659073697787
"372" 0 14.499442818865 6.31847833859032 -0.477357801083516 0 0 1 NA
"373" 0 19.2162622928119 17.6383843955178 -0.123712024991085 0 0 1 NA
"374" 0 2.14722046770666 6.46316133635459 -0.622364236983601 1 0 0 2.13203635997087
"375" 0 5.65059940307104 14.2928153446178 -0.0287003829719237 0 0 0 0.52618229098945
"376" 0 1.19761044526831 3.20956226489246 0.581661813693542 0 0 0 0.439628427976441
"377" 0 0.624427127667052 3.71687359466023 0.473145735112914 1 0 1 NA
"378" 0 3.16324247115509 6.88984516310603 -0.31472886161715 0 0 1 NA
"379" 0 11.8777492810119 9.72425096256334 0.0336280441881463 1 0 1 NA
"380" 0 1.42001557111209 5.4483359446433 0.589869514796536 1 0 1 NA
"381" 0 2.06294678994991 1.85340556695066 0.114399959548093 1 1 1 NA
"382" 0 10.5712096656276 20.4157132020036 -1.47594647140108 1 0 1 NA
"383" 0 1.76056942378906 2.0578649859663 0.173603198447415 1 1 1 NA
"384" 0 7.67417990395922 2.75222826828989 -2.04865815456299 1 0 1 NA
"385" 0 27.855187120806 0.970348442485689 -2.79053427160502 0 1 1 NA
"386" 0 8.27494718193657 36.3276814689828 -0.644365495621594 1 0 1 NA
"387" 0 3.56452644729974 4.2054337445128 1.76410256795971 1 1 0 1.43788715660266
"388" 0 24.657573130079 16.7028838692144 -2.24414952022579 0 0 1 NA
"389" 0 13.3007641860798 0.552345361365141 -0.986344761533546 1 0 1 NA
