"Z" "Y1" "Y0" "x1" "x2" "x3" "ID" "D"
"1" 1 0.725130209125285 4.6973900782132 -0.650978760442577 1 0 1 NA
"2" 1 9.5965892288267 6.17559780386613 0.257790083946528 0 0 1 NA
"3" 1 0.304868524564972 1.88037817300481 -0.0954612039661504 1 0 1 NA
"4" 1 19.819177057488 5.18036336062693 -0.50308740744265 0 0 1 NA
"5" 1 9.5879602938704 52.9081706049251 0.271162099714651 0 0 1 NA
"6" 1 5.21748317064146 7.06414450517582 -1.77461984133359 1 0 1 NA
"7" 1 24.9026826510083 19.4654326904459 0.695013028323411 0 0 0 1.68451162923898
"8" 1 18.7844346235783 10.6658682252643 0.393265606371498 0 0 1 NA
"9" 1 9.74921955318938 0.885854007907948 0.500344895324252 1 0 1 NA
"10" 1 8.4923095359413 5.02956021049666 -0.116231987489943 0 0 1 NA
"11" 1 3.28503362392048 3.98420888843518 0.151166498524249 1 0 1 NA
"12" 1 4.77024220072959 2.01790260830364 -0.575334921027222 0 0 1 NA
"13" 1 8.92169982062501 4.89734680161828 -0.468115263143747 0 1 1 NA
"14" 1 6.93490597419874 1.24229320623324 1.35776597105863 1 1 0 1.48655623958536
"15" 1 38.8016338951868 0.730763134406993 -1.02912180156218 0 1 1 NA
"16" 1 10.8750933595717 7.67946350947797 -1.13419842907125 1 0 0 4.33513389623473
"17" 1 5.52253493133718 1.88260802543058 2.39484591843456 1 0 1 NA
"18" 1 1.50777282749548 4.84746535925648 1.82901753852899 1 1 1 NA
"19" 1 19.9210965274251 0.6206636925384 -0.280451803297488 0 1 1 NA
"20" 1 17.0577011867556 1.54115548032966 -0.390242554830384 1 0 1 NA
"21" 1 8.41090253051778 1.92155648286491 0.760079999004116 0 0 0 2.49796968578526
"22" 1 14.5439735571072 9.1495735618149 0.0475563133158649 0 0 1 NA
"23" 1 9.73863630902586 13.2530077480841 0.348224718671208 0 0 0 3.2962716721632
"24" 1 10.2013565952499 7.55254078625625 -0.37722471097506 0 0 1 NA
"25" 1 17.2344364918818 0.169158837395916 -2.50855626536179 1 1 1 NA
"26" 1 1.16759304628053 5.67336748087545 -0.380016759334252 1 1 1 NA
"27" 1 10.2277636070476 14.71677036783 -1.77087454772595 1 0 1 NA
"28" 1 14.5930665255374 7.19296732831952 -0.248076807136063 1 0 1 NA
"29" 1 6.5404328705551 1.2595748605427 0.0300338575709123 1 1 1 NA
"30" 1 2.81991929556683 5.95519753295916 1.51743230821445 1 0 1 NA
"31" 1 3.35225777646403 0.731753650554769 0.542750426494375 1 1 0 1.17765739306547
"32" 1 4.45881809059182 6.28824847957494 -0.220305449228958 0 0 0 2.36779671316903
"33" 1 13.4069002897281 2.48351055312604 -0.245642024199416 0 0 0 1.28498204077054
"34" 1 8.84030274740287 10.0449496633026 1.34794301953267 0 1 1 NA
"35" 1 21.0429701366114 4.26917239348268 0.87371961116395 0 0 0 2.67564549000411
"36" 1 2.03858550286073 6.37453826836447 -0.336929609987481 1 1 1 NA
"37" 1 7.68500588853583 0.869595395469357 -1.49860204168333 1 0 1 NA
"38" 1 8.90821610570124 4.72267160841416 -0.254007403451412 0 1 1 NA
"39" 1 1.46780997132281 4.87080561935969 1.27592303181388 1 0 0 0.777643514701337
"40" 1 10.2218562692633 13.0688040919243 -0.476928217557252 1 0 1 NA
"41" 1 12.8610495190716 9.18199113160353 2.03913090514277 0 0 0 1.04488630396307
"42" 1 5.12658824026731 10.6529271764305 2.22533100114176 0 1 1 NA
"43" 1 10.3815332383732 3.98958637426611 -0.750725520404445 1 1 1 NA
"44" 1 1.26800397063545 0.142998040399477 0.473407400895623 1 1 1 NA
"45" 1 5.18564305956844 0.0997894772572654 -0.116777077598603 1 0 0 2.11826986638866
"46" 1 5.10242087306436 2.04958435121314 1.34222717966808 1 1 0 1.1060800251482
"47" 1 11.8072847545439 1.3699594040508 -0.29869521515978 1 1 1 NA
"48" 1 3.12977319021099 3.49675772711974 1.32683992546002 0 0 0 0.657003199421369
"49" 1 13.9695845345144 18.4793403815521 -1.37215105068997 0 0 1 NA
"50" 1 12.6926895115067 1.55626051984518 0.481402587560322 1 0 0 1.22573733780706
"51" 1 18.8402216960743 7.26494829429811 0.348944330379462 0 0 0 1.39272092196168
"52" 1 22.0538236507392 7.92553991874861 -0.773979102167413 0 1 1 NA
"53" 1 18.1666464127902 7.82382983811816 0.556523396276086 1 0 1 NA
"54" 1 5.47662291405554 2.98828617042684 -1.26530100259678 1 0 1 NA
"55" 1 12.1314555631864 0.967568834317592 0.472536463290912 0 1 0 2.65694705080115
"56" 1 23.6412751847371 4.46018534348645 -0.26644271456154 0 1 1 NA
"57" 1 5.71156321369125 4.81451269005272 1.4914638447308 0 1 1 NA
"58" 1 15.9153473113108 3.95964644114388 0.235935680104427 0 0 0 2.96051936939986
"59" 1 0.0833643439114064 2.58334705861254 2.03377123992813 1 1 1 NA
"60" 1 6.03849032297204 5.72696530670946 0.0695238376566652 0 0 0 2.2028391086363
"61" 1 6.13283599755697 15.8497057368631 -1.51497560291279 0 1 1 NA
"62" 1 43.3443232201548 13.0945048489172 -0.747005036448295 0 0 1 NA
"63" 1 10.0650848312017 4.32939303332192 1.11126233708885 0 0 0 2.67460110740039
"64" 1 6.07308225325498 3.10548028273233 -0.545557343220818 1 1 1 NA
"65" 1 5.06516854469774 5.75399925116321 1.17633328645488 1 0 0 0.833889775010066
"66" 1 3.13157354614775 6.44022734184876 1.26307524508067 1 0 0 2.71486071445249
"67" 1 4.98312701132936 8.0348585946435 0.96823049077498 1 0 1 NA
"68" 1 2.65002284557978 13.9252647499618 1.2418843237427 1 0 1 NA
"69" 1 8.78357671589201 16.479638428508 -0.0595940836993719 0 1 0 3.92318753300816
"70" 1 11.4989314158616 1.36846821920061 -1.44448617693111 1 0 1 NA
"71" 1 6.81261848805099 11.7562113015962 -0.654133571918991 0 1 1 NA
"72" 1 67.9823038698813 2.89573618371975 -0.169988796797995 0 0 1 NA
"73" 1 9.07986409158989 6.32637171004072 -2.2580622826049 0 1 1 NA
"74" 1 0.0301092553313739 15.6050683935956 1.17384555282461 0 0 1 NA
"75" 1 7.26600916524269 34.2681375799745 -1.32372480673267 0 0 1 NA
"76" 1 0.262417627976085 2.49330711646556 0.41298049254408 1 0 1 NA
"77" 1 8.06647079168119 12.9499921745576 -0.435618860322701 1 0 1 NA
"78" 1 33.5796439377775 2.18339892112229 0.219931650991442 0 0 0 1.38400614671254
"79" 1 10.9139107964105 1.12702403523983 0.79416667619463 1 0 1 NA
"80" 1 4.91608043563554 3.61651190601674 0.635721474832647 0 0 0 1.84182596771663
"81" 1 8.59566767321239 3.18955251884764 -0.0990074074483473 1 0 1 NA
"82" 1 0.348491573576707 1.51294762497575 1.18898810067531 1 1 1 NA
"83" 1 22.3839764227913 10.693375061044 -0.00179541722156194 0 0 1 NA
"84" 1 13.1865603857549 6.20425706796745 -1.4773626769475 0 0 1 NA
"85" 1 16.6074066257255 13.0415227011817 -1.62177673191405 0 1 1 NA
"86" 1 2.64739031415483 16.0476358558745 -1.01129534132096 1 0 0 2.34510741747254
"87" 1 3.95110306023843 1.96812822627148 0.656359259592581 0 1 0 1.38046770139371
"88" 1 2.5292864606798 1.37409815684546 1.86320026117593 1 0 1 NA
"89" 1 4.54007295711497 3.1041847734453 0.012020609948886 0 0 0 2.14903067206769
"90" 1 1.45213959049193 12.0264190714683 0.181920376289503 0 1 0 0.688375234090835
"91" 1 16.6650633928186 4.47106395554526 -2.10535247935652 0 1 1 NA
"92" 1 16.3290739558936 2.69691837208886 -0.135433246579361 0 1 1 NA
"93" 1 5.00893564435122 9.99814758555328 -1.54937115294698 0 0 1 NA
"94" 1 5.14440394701917 6.94481397533791 0.216193463818494 1 0 1 NA
"95" 1 7.30014189767079 8.22324694473937 1.10062855621605 1 0 0 2.63338522959973
"96" 1 8.83155996960476 6.04373902850395 0.0740616139479668 1 0 1 NA
"97" 1 7.09721575567176 14.1740227958844 1.17408831933098 0 0 0 3.06951832502023
"98" 1 18.1462160049917 4.97896421939398 -1.29893856087617 1 0 1 NA
"99" 1 6.68683837632738 0.130121935435873 1.61397683868571 0 1 1 NA
"100" 1 7.8760215559845 2.13359278551197 -0.291735210055995 0 0 1 NA
"101" 1 8.77240509512316 5.8045578685202 0.709349298827489 1 0 1 NA
"102" 1 20.4637240565803 5.92183531900889 0.236401674034268 0 0 1 NA
"103" 1 8.7603511725656 0.248195310268628 -0.503020639753975 1 0 1 NA
"104" 1 7.97883489914995 5.22615153577989 0.087663326639256 0 0 1 NA
"105" 1 19.8811124178481 4.59329599873176 -0.857428058131724 0 0 0 2.87018488957285
"106" 1 2.19032019512522 4.37961418011964 0.855985196750308 0 1 0 1.58062895869464
"107" 1 13.6548806213221 6.62347540873885 -0.546928470952941 1 0 1 NA
"108" 1 22.1257263623285 2.00356850689811 -1.46720802752887 0 0 1 NA
"109" 1 22.0004017049987 5.07388408163218 -0.806194324005726 0 0 1 NA
"110" 1 7.65076551312169 7.1237374569807 0.235362823063931 0 0 1 NA
"111" 1 39.0063586451256 11.0472731625638 -1.68932807875662 0 1 1 NA
"112" 1 3.2050091015378 0.496565619221329 -1.55653932083389 1 0 1 NA
"113" 1 5.25870705078616 3.35173380935378 -1.20253880590091 1 1 0 0.87219677610253
"114" 1 9.9800747091213 3.5804592380886 -0.579031334155319 1 1 1 NA
"115" 1 8.34068275785178 35.5414654956537 -0.148916431527789 0 0 0 1.27170578565098
"116" 1 4.07897709696608 0.166321033711192 0.297326725411498 0 0 0 1.52176285749526
"117" 1 1.41743678509858 6.27545432601176 0.0630375629700304 1 0 1 NA
"118" 1 4.99460397394598 2.7219863753417 0.541893364017436 0 1 1 NA
"119" 1 6.57616303190774 4.07352922715029 -0.145189937263027 1 0 1 NA
"120" 1 16.1350348400334 1.57455063123591 -1.88826524696316 0 0 1 NA
"121" 1 19.6305650510361 10.8995503144143 -0.621920107779436 0 0 0 3.83313731716021
"122" 1 2.67184896542203 2.71907270099965 1.23882441975677 0 0 0 0.880145749301619
"123" 1 8.59960388582509 4.29150623169866 0.0502408489394782 0 1 1 NA
"124" 1 4.8436594943428 0.979374685362607 -0.674356120461681 0 0 0 4.70127815233615
"125" 1 56.7190868062686 11.1664884534855 0.426153528683783 0 0 0 2.27764121210057
"126" 1 12.3062828468891 2.82763856578634 0.828629218744812 1 1 0 0.257927703514425
"127" 1 11.3322887685411 11.0833322469627 -0.701938052965297 1 0 1 NA
"128" 1 0.395283827073966 8.36412741678939 -0.10758415426479 1 0 1 NA
"129" 1 13.8829810805317 0.724912521301433 0.733967729307257 1 0 0 1.55843436950519
"130" 1 19.8107199997406 1.2506253329151 0.208082532949282 0 0 0 1.2006927941783
"131" 1 18.7524298915291 10.9225106736027 0.454633040768985 0 1 1 NA
"132" 1 2.03714383204471 4.78708881588007 1.28482966451687 1 0 1 NA
"133" 1 5.6499531510528 11.8224604959474 0.40129669721516 0 1 1 NA
"134" 1 22.6933061944055 4.72227205752232 0.350565924390163 1 0 1 NA
"135" 1 11.583765870395 11.7523678840239 -0.310130158289437 1 0 0 3.00930632612857
"136" 1 9.07834075910802 1.84596772147592 -1.59078516955866 1 1 1 NA
"137" 1 7.71455149920749 10.4398258121092 0.281765739671122 0 1 1 NA
"138" 1 5.24957290246818 3.02566714450873 1.0716768417383 1 0 1 NA
"139" 1 12.886122835661 2.78177789817487 1.35269151273396 0 0 0 1.94475296245453
"140" 1 17.2133411540819 1.66586269660928 -0.240304778997437 0 0 0 1.79347909661134
"141" 1 5.86448249738852 0.0669338919642532 0.907842290735799 0 1 0 3.10729358751671
"142" 1 9.81655015007769 16.8301446058306 -1.56025385262858 1 0 1 NA
"143" 1 29.401093030754 1.98175023759211 0.386384039897358 1 0 1 NA
"144" 1 15.7884482931168 16.2428451791904 -0.980524197845446 0 0 1 NA
"145" 1 1.60819773566495 3.48067452932789 -0.361783412766428 1 0 1 NA
"146" 1 6.37466761361723 8.88149761463846 -0.749891197830497 1 0 1 NA
"147" 1 2.73260922715542 14.144617359808 -0.0869673089256338 0 0 0 2.3010743819097
"148" 1 22.5254345636941 2.12040266794403 -0.78605610547687 1 1 0 1.1442519536551
"149" 1 13.3111966538384 2.26705441199953 -0.561783660030608 1 1 1 NA
"150" 1 3.70860492714342 1.94707550689363 -0.569388477079443 0 0 0 3.42535097077583
"151" 1 3.18044648543444 5.10953370487809 -1.16206176596196 1 0 1 NA
"152" 1 1.06393802225121 5.84310945023903 -0.507036067055745 0 1 1 NA
"153" 1 2.36078485937253 5.6019573027305 -0.00849696462589134 0 1 1 NA
"154" 1 22.5275153217784 3.05420455844812 0.501330750663129 1 0 1 NA
"155" 1 4.9213888682873 3.96698203110311 -0.0595883426519903 1 0 0 3.09805326241037
"156" 1 1.95438719627156 1.84720279288372 0.908061412671619 1 1 1 NA
"157" 1 18.174418975547 4.0652891873774 0.607954493966386 0 1 1 NA
"158" 1 13.591397926939 3.49606504148468 -0.932604199956885 1 0 1 NA
"159" 1 3.45701532128827 22.6372882159817 1.65120742431814 0 0 0 1.49339455859114
"160" 1 34.7531604712212 5.27464410062892 -0.884230877086311 0 1 1 NA
"161" 1 13.5840303443604 9.44569678953025 0.385273124715414 1 0 0 1.13162180100919
"162" 1 1.14330685718775 11.8576626160775 0.482598891786407 0 0 1 NA
"163" 1 28.354710855778 6.65849828099305 -0.626341439681447 0 0 0 1.85797297040016
"164" 1 6.17997337629414 2.2354419314824 0.0702324620946616 1 0 1 NA
"165" 1 8.52195351419843 2.78437088883594 1.17336171422062 0 0 0 2.10211338236156
"166" 1 17.3728708610922 4.10945023972664 -0.2103031307173 0 0 1 NA
"167" 1 1.89091384034876 1.05269929013692 -0.0648833655383322 1 1 1 NA
"168" 1 2.89305984363106 3.69355950039197 -0.506306770603313 0 1 0 0.290553030002461
"169" 1 5.98529584634949 5.64341835298299 -0.236544129748473 1 0 1 NA
"170" 1 8.77851171794289 15.3970200259923 -0.322384884208995 1 0 1 NA
"171" 1 14.5561986647289 3.38590419713936 -1.20099747686137 0 1 1 NA
"172" 1 0.354667327112491 5.89620815285869 -0.0220351330955507 1 1 1 NA
"173" 1 14.5926734177095 17.2673367414846 -0.96634531015666 0 0 1 NA
"174" 1 0.659439590150538 1.99603682804243 0.131618034251449 1 1 1 NA
"175" 1 27.2129455274073 10.5604684460713 -0.187398969828122 0 0 1 NA
"176" 1 5.7921295238299 10.2759475939522 0.401216573611312 0 0 1 NA
"177" 1 2.55124136425 4.09016964034429 -1.48019191478245 1 0 1 NA
"178" 1 1.87146483927346 3.53058414543174 1.45195954789772 1 1 0 0.682169299236277
"179" 1 4.83446655429571 5.87734475237346 1.18013891130279 1 0 1 NA
"180" 1 20.3092446469779 9.05506172900931 -2.63347666589426 1 0 1 NA
"181" 1 1.71148422475048 9.90994878339727 0.304826077948027 0 1 1 NA
"182" 1 2.75792455641814 4.65016923862411 -1.16287844375614 0 0 1 NA
"183" 1 20.3292474325548 2.54084063427182 1.21429948725461 1 0 1 NA
"184" 1 5.38578130166472 36.1434091852863 0.711864818404267 0 0 1 NA
"185" 1 19.3238863659583 6.28666808319474 -0.861698240130549 0 1 1 NA
"186" 1 1.05353873649909 4.29279349475508 -0.468575442824487 1 1 1 NA
"187" 1 6.37680164829588 15.8204449538889 -0.14753408634216 0 0 1 NA
"188" 1 3.22021756079778 4.22713950872216 1.07870980011971 1 0 1 NA
"189" 1 4.31907616942556 0.933365084970916 1.80829521726527 1 0 0 1.44883702393466
"190" 1 0.891693954671859 1.72180531259011 1.55228609665271 1 0 0 0.629249370040242
"191" 1 3.32187633409381 2.637007608699 0.786554565616473 1 0 0 0.930218260621136
"192" 1 5.02847944531657 7.23971420853826 -1.65327323390442 1 0 1 NA
"193" 1 20.28792482982 3.64299562624294 0.489692742892453 0 0 1 NA
"194" 1 28.3325193070757 0.00182650026660048 -0.25143359725618 0 1 0 0.867349592849899
"195" 1 10.3192165626089 6.42342274624822 -0.323826472880959 1 0 1 NA
"196" 1 22.2299313416068 6.27266101101125 0.278248644720003 1 0 0 0.460349292471977
"197" 1 16.8713195992249 1.71669578905204 0.874299133332445 1 0 0 1.70039350296733
"198" 1 3.74764364317961 5.75431204251336 -0.297690041117205 1 0 1 NA
"199" 1 3.98051321695715 0.28120764200648 0.52691996245381 0 1 0 2.7411683646115
"200" 1 3.03662068232913 0.152983567077095 -0.308189027250678 1 0 1 NA
"201" 0 11.508713203746 6.27594736012681 0.173401893459812 0 0 1 NA
"202" 0 2.82923572215707 0.723992085582438 -0.47760460057681 0 0 1 NA
"203" 0 36.4797310402177 14.7585361282495 -0.191414715162275 0 0 1 NA
"204" 0 0.622673566420553 5.01060608440707 0.465282140954308 1 1 1 NA
"205" 0 37.5878864151821 2.24604108554482 -1.79114272222349 0 0 1 NA
"206" 0 2.28748925826219 3.06594225837842 1.17478209382836 0 0 1 NA
"207" 0 5.08847321129639 13.3934398371237 1.16258497893353 0 0 0 0.949139931102565
"208" 0 6.43837696182562 18.4757889262689 -0.431991535017873 0 1 1 NA
"209" 0 22.1597763959617 25.8890713222307 0.00899694347971408 0 0 1 NA
"210" 0 4.46688216225161 2.77957313197868 -0.363099578580974 1 0 0 3.9417660281217
"211" 0 11.9303365809596 5.5995748781103 -0.498379825733751 1 0 1 NA
"212" 0 2.93351342322553 8.53955008260451 -1.00318019829154 0 0 1 NA
"213" 0 21.266328595854 0.820168807891473 0.72270237934984 1 1 0 1.24679583829229
"214" 0 13.2292449658893 11.4317117277241 -1.66307884112288 1 0 1 NA
"215" 0 7.24032438497332 5.79494652529701 -0.34269760905222 0 0 1 NA
"216" 0 12.949507689597 11.0732697630162 -1.29863679443845 0 1 1 NA
"217" 0 16.3755339989469 1.88479987305018 0.168960741785425 0 0 1 NA
"218" 0 5.34595569962766 4.16539531265142 1.01547708400863 1 1 1 NA
"219" 0 21.6252712542843 5.84000478427321 -1.72707510757742 0 0 1 NA
"220" 0 17.6047738663519 3.84545679096842 0.280944563252016 0 1 1 NA
"221" 0 9.28851842646907 10.5617753351456 0.433550128407544 1 0 1 NA
"222" 0 14.3355830174697 12.7676720714875 -0.419518247856894 0 1 1 NA
"223" 0 36.3681433787641 10.4286345727623 -0.23172556510253 0 0 0 3.67155278301765
"224" 0 4.70864729259448 3.39622678425714 0.327814824049338 1 0 1 NA
"225" 0 52.6685810575744 5.87044423049952 -0.354555051925237 0 0 1 NA
"226" 0 18.4890353459904 5.1763413549929 -0.517598427915417 1 0 1 NA
"227" 0 10.1844019342148 1.36363588817941 -0.393058782038051 0 0 0 5.72114985724386
"228" 0 3.68126709388783 3.3796962982137 -0.686614436875327 1 0 1 NA
"229" 0 6.96607747303503 7.54572565249436 0.368340786633841 1 0 1 NA
"230" 0 6.54843178585701 2.39252684335826 0.175171106569378 0 0 0 2.70929782852396
"231" 0 7.89723275440166 1.70577985442069 -0.329889078740756 1 0 1 NA
"232" 0 4.2833426250699 10.1168874635845 0.291144912059705 0 0 0 0.698135009874741
"233" 0 8.99077361691963 5.9526977094481 -0.0444721627484965 0 0 0 3.69988219417415
"234" 0 3.82754942301962 10.6654235097475 1.25680592691339 1 1 1 NA
"235" 0 16.1722750659462 4.16006927984502 0.588364232476166 0 1 0 1.29970934731267
"236" 0 11.9764834712572 3.03533692966297 -0.822527496260937 0 1 1 NA
"237" 0 0.731104996139792 1.49000088980797 -0.756652384374477 1 1 1 NA
"238" 0 20.3859688614806 0.943778773452099 -0.0734625275130397 1 0 1 NA
"239" 0 5.59875967480828 3.51827541563394 -1.86677936290414 1 1 1 NA
"240" 0 2.89746597400716 7.69843497008083 -1.56589960003163 1 1 1 NA
"241" 0 2.92921140285537 13.1943090407308 0.0801213762735992 0 0 1 NA
"242" 0 2.96868105725046 10.624641377989 -1.02969997684611 1 1 1 NA
"243" 0 4.19859694779003 9.73357687869873 -0.284165994765257 1 0 1 NA
"244" 0 2.26491969156401 3.69804760383903 0.264539882525187 1 1 1 NA
"245" 0 17.8250648910857 4.48026204291161 -0.164570002326017 0 1 0 2.91048149245896
"246" 0 0.269086461391631 16.8225093655256 -0.829424005273372 0 1 1 NA
"247" 0 13.2447017405782 5.37967456061152 0.28503698995081 0 0 0 2.51148664801414
"248" 0 29.4532174800121 7.15156148940454 -0.302343859695569 0 1 0 4.30789491739447
"249" 0 22.2846302200135 0.834272527522214 -0.389527862151832 0 0 0 3.66478348306142
"250" 0 4.48869653701832 11.597760997066 -0.0588839772561733 0 1 1 NA
"251" 0 2.62840322454234 7.2506791222397 0.722074693298617 1 1 0 0.21234858674975
"252" 0 1.39210559231542 4.74697757510637 -1.33047349104338 1 1 1 NA
"253" 0 17.5535693897875 2.78432901358847 -1.8279507224041 1 0 1 NA
"254" 0 4.54980082999016 0.416408271183596 1.19870003760957 1 1 0 1.66718182627809
"255" 0 11.0963139866403 9.89660680285675 -0.632147343925474 1 0 1 NA
"256" 0 5.58219646364969 36.7288073567479 0.0188685136730727 0 0 1 NA
"257" 0 11.3206853424876 0.766796613805832 1.02189932416829 0 1 1 NA
"258" 0 6.18995712506654 7.23351826648287 0.728217631805205 0 0 0 0.957295005309793
"259" 0 5.8233197781964 11.6324527619569 -0.304353855688557 0 1 1 NA
"260" 0 2.46140760857987 1.97230672936386 0.883859252380221 0 0 1 NA
"261" 0 4.20194336365598 2.50837088062099 -0.233103410414318 1 0 1 NA
"262" 0 4.40546817074414 4.66866936880506 -0.661032469185831 1 0 0 3.66425500253509
"263" 0 5.4138113712717 8.2576451784997 0.0188385737038836 1 0 1 NA
"264" 0 7.61840323580249 7.87075502346684 0.0838132389088315 1 0 1 NA
"265" 0 13.0315327452844 4.22604885747976 -0.469642712862714 1 0 0 1.17611954438257
"266" 0 7.03315922588657 9.33888564404944 0.901084132435897 1 0 0 2.24010233372569
"267" 0 4.20298514776325 2.15934678770609 -1.25769061669233 1 1 1 NA
"268" 0 12.7689184658007 3.26785904462344 0.915226550538566 1 0 1 NA
"269" 0 6.72181422309627 15.6287468111456 -1.56705405717397 1 0 1 NA
"270" 0 5.89908394223033 1.08824965271108 1.67365522203628 0 1 0 1.57451594958946
"271" 0 31.2870157441958 2.01547231919545 0.155532882233715 0 0 0 3.33090953698054
"272" 0 28.2285615264437 2.61022516719592 -0.539070031839704 0 0 0 2.2118548919964
"273" 0 41.2689076413367 30.945463755278 -2.64556056776018 0 0 1 NA
"274" 0 3.40014091437326 5.0966497299899 0.458076574898924 0 1 1 NA
"275" 0 3.64388731579856 14.3148442487828 -0.244932903957675 0 1 1 NA
"276" 0 2.29419305583432 2.65560496790492 0.285461309961353 1 1 0 1.34678084930838
"277" 0 7.92983539137232 11.0863025038606 -1.91276978566691 0 0 1 NA
"278" 0 0.413883247301079 4.45156910411245 0.41097994231655 1 1 1 NA
"279" 0 18.0311717671095 2.80805657208122 -0.0728646603461059 0 1 1 NA
"280" 0 20.7360446594081 1.46571778885575 -2.32037832886668 1 0 1 NA
"281" 0 4.32767179478179 0.759978649921373 1.0986712519893 0 0 0 2.23768715978555
"282" 0 8.99262947288976 3.16146500864904 0.260216023693749 1 0 1 NA
"283" 0 3.69416461942495 2.58081911289723 1.79276493067599 0 1 0 1.58938350812438
"284" 0 9.13692904061201 7.75249427050566 -1.01514038263701 1 0 1 NA
"285" 0 12.6492341322109 2.17163779999177 -1.4617413605743 0 1 0 2.68030143979462
"286" 0 11.3225170842193 3.83667580983289 -0.431277438830909 1 1 1 NA
"287" 0 5.65793835721524 4.99606085005756 -0.945431467466277 1 1 1 NA
"288" 0 1.40260600597446 1.69721433810987 0.199967256686942 1 0 1 NA
"289" 0 2.04628754953447 0.548872754242092 0.455828499479919 0 1 1 NA
"290" 0 13.0562178506 1.81704455666917 -0.306840291155862 1 0 1 NA
"291" 0 9.40287695489017 11.7221493156301 -0.749982525053394 0 1 1 NA
"292" 0 5.9751819745424 3.48600577493628 2.32168280620975 1 0 1 NA
"293" 0 18.1737362965082 35.5352996775581 -0.725196876219975 0 0 1 NA
"294" 0 6.13577872659527 1.62565474167721 -0.386567888405473 1 0 0 1.70331219808726
"295" 0 9.3369302437716 2.17594817853803 0.50802513935802 1 1 1 NA
"296" 0 10.393992021801 4.01149593011139 1.47632347551898 1 0 1 NA
"297" 0 6.38543217021806 18.1906401321627 -0.242095202998264 1 0 1 NA
"298" 0 26.3268001214614 16.1404412531923 -0.430070275524446 1 0 1 NA
"299" 0 22.0860051481446 11.2670349579179 0.449592025598129 0 0 0 0.616217238203307
"300" 0 25.8954464043361 4.80604523979053 -0.906430790675323 1 0 1 NA
"301" 0 61.5883749685472 22.4136239124741 -1.02391826163018 0 0 1 NA
"302" 0 4.31374598361785 8.24478578520664 2.14936170253003 1 0 0 0.366370500179404
"303" 0 6.71511806450624 5.05643187551996 -0.849281861421179 1 0 1 NA
"304" 0 2.90888062592503 1.54544168434512 1.74690005370475 0 0 0 1.74128449421036
"305" 0 3.23987873583538 2.73846458781519 -0.138016441390898 0 0 1 NA
"306" 0 50.1667751845805 4.83870482746466 -1.80863298398973 0 1 1 NA
"307" 0 8.66759988701173 4.20351829190025 -1.72417134113639 1 1 1 NA
"308" 0 8.46939308156537 12.2339489996538 1.32469412151556 0 1 1 NA
"309" 0 0.57546872499421 1.90421922330612 -0.174844665508413 1 1 1 NA
"310" 0 29.7985897808681 16.9926138728868 -0.136825419404739 0 0 0 2.27817202978107
"311" 0 12.8932890282396 0.316727140707728 0.400569097688113 0 0 1 NA
"312" 0 4.67411139508189 9.88674246412584 -0.172584258597337 0 0 1 NA
"313" 0 14.5258126734137 15.5820853928879 -1.47140784124132 0 0 1 NA
"314" 0 6.1365891188972 11.375924625333 -0.468189704443978 0 1 1 NA
"315" 0 5.05296982322138 2.96744778091248 0.597646868475248 0 0 0 1.79403918984561
"316" 0 1.16688085659195 11.7636358380768 -1.64412168491012 1 0 1 NA
"317" 0 18.6228343481653 3.69893961529974 -2.56229665006732 0 0 0 4.78132327183632
"318" 0 5.06354590281813 6.08892741631646 -0.226094663183275 1 1 1 NA
"319" 0 1.53847210640671 8.53339955132484 -0.115287621499518 1 0 1 NA
"320" 0 3.30336481372116 0.645182982720789 1.83071779593659 1 1 0 2.78357269393921
"321" 0 2.01371563084699 0.142031992940807 1.04804897155871 1 0 0 1.9509246351303
"322" 0 3.11174456613284 6.91921865659106 1.51221112944749 0 0 0 1.65310971104824
"323" 0 20.570613464218 4.32405982756261 0.718847683609374 0 0 0 3.0508838116235
"324" 0 15.2169020146729 3.00173849794674 -0.929079087724291 0 0 1 NA
"325" 0 6.86778963233906 5.97771694608616 -0.105514849929995 0 0 0 4.0653824182014
"326" 0 3.45053455761954 13.4361852064675 -0.154657120910502 1 0 1 NA
"327" 0 4.86882356944496 2.39960654997682 -0.370128030636378 1 0 1 NA
"328" 0 14.4501176355511 8.39069857062987 0.962724242687064 0 0 0 3.26357816189009
"329" 0 0.97073063209274 0.449413968292804 0.757272502658256 1 0 0 0.952417720613391
"330" 0 19.7566351336462 2.77631027514323 1.94735074967576 1 0 0 0.973462209199653
"331" 0 37.6826022222074 11.2059705481852 0.356063635504834 0 1 0 0.266502028887604
"332" 0 6.14926196067364 0.1306954231089 0.749282497294219 1 0 0 1.85233198148224
"333" 0 7.2016342802436 5.72648034609212 0.221420688082528 0 1 0 0.330678584405191
"334" 0 21.7096554999827 1.91958347654004 -0.0254210627515824 1 0 1 NA
"335" 0 7.47778165328333 4.1571872165865 0.544858632958211 1 0 1 NA
"336" 0 15.1037375453783 1.4471928384425 -0.438570711898448 1 0 0 3.4769638396482
"337" 0 5.35002719017446 0.307491757138272 1.65008969548714 1 0 0 0.753161608443551
"338" 0 9.80830616475248 51.776691195485 -0.991060834242488 0 0 1 NA
"339" 0 2.84002448327906 10.3609652576161 1.39125323176554 0 0 1 NA
"340" 0 9.88823294134489 8.6046552946728 -1.9833133421098 1 0 0 1.77917589707792
"341" 0 9.02319820882691 16.1330214786407 -0.204128401327152 0 0 1 NA
"342" 0 8.95650412340495 1.72430745541067 2.53356733508241 1 0 0 0.974270283362845
"343" 0 31.1894110013015 19.2147674126656 0.392721806625031 0 0 0 0.532164587559541
"344" 0 7.53745843914682 9.88954465822128 1.42937790989193 0 1 1 NA
"345" 0 2.2366289842933 3.16145217311115 0.233791745508321 0 0 1 NA
"346" 0 6.20689869985572 1.90538150939226 0.642252299997299 0 1 1 NA
"347" 0 6.03718763264872 9.95859282000849 0.30675340856303 1 0 0 1.65810955393868
"348" 0 1.77739211488379 43.3308301460081 0.184275254457692 0 0 1 NA
"349" 0 15.5423065640347 9.25821274448414 -0.384366386154685 0 1 0 1.52648082349352
"350" 0 28.945750131693 3.41982887653033 -2.27896422021228 0 1 1 NA
"351" 0 7.0272407130116 3.48466848275805 1.18508005301103 0 0 1 NA
"352" 0 13.3918684398454 3.22945564925123 2.5277419221354 1 0 0 1.51454258152334
"353" 0 14.2705885004736 4.33596487763692 2.0312412126359 0 0 0 2.35598595353061
"354" 0 24.6245868315108 2.21970951743349 -0.683361573186458 0 1 0 2.43845986423769
"355" 0 2.81927125668975 0.959051421753488 -1.20063894098555 1 0 1 NA
"356" 0 16.198584077335 0.915030896928356 -0.967000025171872 0 0 0 2.06707135641073
"357" 0 1.14745407241033 1.63007773659003 1.7875870305678 0 1 0 0.131668654543373
"358" 0 9.8454180092155 5.31686025407097 0.375798943305889 1 0 1 NA
"359" 0 3.05071559410395 1.32943228750508 1.96996912522339 0 1 1 NA
"360" 0 6.47596039236603 8.22472215413524 1.60184405835475 0 0 0 2.02934290438254
"361" 0 0.299607931200657 1.95261834326777 0.503392333686172 1 1 1 NA
"362" 0 9.22905349499334 2.4921414423463 0.995678777341185 1 0 0 0.732467826127296
"363" 0 0.900604465674952 6.03568346706077 1.63531122656133 1 1 1 NA
"364" 0 6.08183250457803 25.344617433928 0.896295737568462 0 0 1 NA
"365" 0 11.2405968261962 14.5047127145909 0.660395723131844 0 0 0 1.3914635789917
"366" 0 10.5957690987444 1.79209445644821 -0.353590549768903 1 0 1 NA
"367" 0 10.1092263125985 11.5384669814766 -0.640063810564656 1 0 1 NA
"368" 0 17.2814266014583 5.00030591638932 -0.020754741432862 0 0 1 NA
"369" 0 1.61851508720943 3.21552886403185 0.109428306639166 1 1 1 NA
"370" 0 6.69225293172244 5.63505909938314 -0.579732894666502 1 1 1 NA
"371" 0 4.45241912910999 5.1962298270852 0.00834708164251087 0 1 1 NA
"372" 0 5.12889040216188 6.12698042871078 -1.18101951281942 0 1 1 NA
"373" 0 27.8589063443845 6.47925734047907 -1.21263859921098 0 0 1 NA
"374" 0 7.47011641983218 3.53090317388172 -0.0998327928875318 0 1 0 1.84402020030481
"375" 0 25.3057683689193 12.0198252746541 0.527064410836968 0 0 1 NA
"376" 0 8.09310832576869 22.1707397773597 0.561700485365973 0 0 0 1.06916599263362
"377" 0 3.28103001564932 2.0152669628206 2.42231720063991 1 0 1 NA
"378" 0 17.4945881486192 1.70774869360874 -0.0224977668023844 0 0 1 NA
"379" 0 6.94653838929097 12.8278444186356 0.133989593490406 0 1 1 NA
"380" 0 0.0314857593747509 13.8524663144547 1.49864305909292 0 1 1 NA
"381" 0 4.9354949573608 3.49439722854148 0.361358320770273 0 1 0 3.47544922574186
"382" 0 4.81743390590718 1.39871916644568 -0.954744602827009 1 0 1 NA
"383" 0 7.64666940380489 2.27678313255516 -0.465873108720119 0 0 0 3.53643933960337
"384" 0 14.3732544318696 4.8259430724699 0.0792956101999301 0 0 0 2.8415197320243
"385" 0 18.7348253188718 31.4297684697235 0.352308104495346 0 0 1 NA
"386" 0 1.41850985690814 0.581896115651329 -1.18997431779102 1 0 1 NA
"387" 0 8.0038062344052 4.06335128399962 -0.220338597280778 1 0 1 NA
"388" 0 44.8419525808929 3.55557138976118 0.637175103514193 0 0 1 NA
"389" 0 1.43763444257858 3.31867958279534 0.284390479078757 1 1 1 NA
