"Z" "Y1" "Y0" "x1" "x2" "x3" "ID" "D"
"1" 1 2.19025796389681 2.29619072290434 2.12295336223043 1 0 1 NA
"2" 1 1.39179031872661 3.81780277365969 0.756335004249513 1 1 1 NA
"3" 1 12.9009881058766 3.68724687050171 -1.23344117847757 1 0 0 5.53178107339341
"4" 1 16.6072090973569 5.67118866696843 0.814841677375971 1 1 0 0.835346993804113
"5" 1 3.23474237103693 4.23828041565318 -1.28880466813575 0 0 0 1.69604858992421
"6" 1 5.21773684534691 0.319935102768145 0.412211441266636 1 0 1 NA
"7" 1 3.16686496303572 4.01821818309129 0.417240205026731 1 0 1 NA
"8" 1 7.33840541667539 5.86096524434176 -1.44091339191333 1 0 1 NA
"9" 1 5.06238310334684 1.04377631187365 0.00941678699541116 0 1 1 NA
"10" 1 10.6490360056397 4.36441043091491 0.224538481297866 1 0 1 NA
"11" 1 5.86228070704382 12.9089963306968 -0.171077533027484 0 1 1 NA
"12" 1 9.17057389870173 10.6850461999087 0.67057434694469 0 0 0 0.267685362880929
"13" 1 1.68032768791695 3.50990787276119 0.63762309338386 1 0 1 NA
"14" 1 4.6011754771556 4.77231645057857 1.41085344224107 0 0 1 NA
"15" 1 23.6462885150724 4.14787714825684 -1.16086655595246 0 0 1 NA
"16" 1 27.8672021736719 2.78449718579187 0.937595982814139 0 0 1 NA
"17" 1 5.95510174654191 0.453335336141808 1.12362448211466 1 0 1 NA
"18" 1 29.0015012978167 10.8429731972163 -2.64924778157001 0 0 1 NA
"19" 1 5.18118870905366 5.73604332509688 0.88135171308314 0 0 1 NA
"20" 1 3.26274146890625 1.14735111589966 -2.55933332595315 1 1 1 NA
"21" 1 13.7966544387934 9.19543749759045 -0.339704433724253 1 0 0 5.70539427716554
"22" 1 25.2484031264966 0.340548184068007 -1.0156040001385 0 0 1 NA
"23" 1 2.46817879303905 22.3036242449788 0.559888267366412 0 0 1 NA
"24" 1 5.78387177571986 3.99868457522003 -2.1082143862834 0 0 1 NA
"25" 1 26.3188392200555 8.17548709477838 0.318967963680759 0 1 1 NA
"26" 1 6.03887668865437 3.04419178330107 1.52555088778321 1 0 0 1.28188007552683
"27" 1 3.93415355778291 3.98624970037717 -1.21676896614265 1 1 1 NA
"28" 1 21.35883389414 4.109808848441 -0.476768004417879 0 1 1 NA
"29" 1 7.70972585683311 6.72593550220197 0.820401083681834 0 1 1 NA
"30" 1 12.3233520230667 3.8065744902578 -0.918763503744976 0 1 1 NA
"31" 1 11.1708350836413 2.29296940743786 -1.21400634341788 0 0 0 1.78307628138098
"32" 1 9.06849127526354 17.3660605811847 -0.669685081994386 0 0 1 NA
"33" 1 1.69608388132284 0.155970779191451 1.67691164004092 1 0 0 1.4592272570548
"34" 1 0.97196279677926 18.5821158447672 -2.20789066461945 0 0 1 NA
"35" 1 3.1030120201144 5.99130039849799 0.720784405227297 0 0 0 2.77181012194893
"36" 1 7.74550917193675 4.50353767897453 -0.818203651634176 1 0 0 2.0190030224936
"37" 1 16.7929287063539 3.42644462954512 -0.566235681661916 1 1 1 NA
"38" 1 1.98568780668071 6.28030263642668 0.419322692437995 1 1 1 NA
"39" 1 2.96864755171246 5.74448038899619 1.44184854198017 1 1 1 NA
"40" 1 8.11770523933677 13.6482023010443 -0.193236970104319 0 0 1 NA
"41" 1 1.01420057089674 4.46346751099648 -0.808170744264652 1 1 1 NA
"42" 1 55.1634520408654 1.40982679425718 -0.329001720429941 0 0 1 NA
"43" 1 5.50438174309859 16.4127273062753 -0.350311729608749 0 1 1 NA
"44" 1 9.42848507446111 22.1504280311679 -0.339681720139655 1 0 0 2.83558277502465
"45" 1 2.77169434682873 11.3319069891746 -1.61661005208873 0 0 1 NA
"46" 1 2.71061761825814 4.66534331398035 0.757885954313944 1 0 0 1.55996951818464
"47" 1 2.12630728810984 3.68170316761106 -0.403141489946036 1 0 1 NA
"48" 1 8.44573153597913 4.33942265435835 0.590004858228433 1 1 1 NA
"49" 1 10.5309774376941 4.74622288820244 0.386941443193253 1 0 0 1.48187997624149
"50" 1 3.26279271712423 3.12371689650258 0.919210115140426 1 0 0 2.52627364468669
"51" 1 11.5861562645969 32.6218715745111 -1.12131497101391 0 0 1 NA
"52" 1 34.624902999591 20.8890368157799 -0.409341789315418 0 0 1 NA
"53" 1 0.140637739587005 0.563671763557921 -0.937868144513444 1 1 1 NA
"54" 1 7.23434200378647 2.74856845874319 0.506576685091203 0 0 0 1.12284003302996
"55" 1 8.77507557147226 1.66507244403664 0.768923433225762 0 0 0 0.388348547129367
"56" 1 8.24304422826335 22.514370076151 -0.957315328574232 1 0 1 NA
"57" 1 1.13497973006719 9.47582466831103 -0.38133490311201 0 0 1 NA
"58" 1 14.8333262030172 8.69529991237354 -1.72233340397117 1 1 1 NA
"59" 1 1.52817765776662 0.718388731468249 0.593801802557623 1 0 0 1.42309528989525
"60" 1 0.980334231114466 6.3401158099134 -0.853257320959334 1 0 1 NA
"61" 1 3.71102606875717 2.38559956286089 2.66574617370758 0 0 1 NA
"62" 1 2.90422835713018 3.04855999764409 -0.0264893047644532 1 0 1 NA
"63" 1 2.33228720190987 3.59732373375785 0.662762437847278 1 1 1 NA
"64" 1 7.37690543330241 3.07830845753696 2.65970964099837 0 0 0 1.96904157028903
"65" 1 0.436715276468357 0.213415362907018 0.951047896977464 1 1 1 NA
"66" 1 5.58168671118764 5.69208808861175 -0.538481773728075 0 0 1 NA
"67" 1 16.9021335150922 1.42450896833665 1.78916478532325 0 0 0 3.06643830404811
"68" 1 12.0700187656149 0.482158661784741 -0.95311220626604 1 0 1 NA
"69" 1 10.7578700377035 2.98400500969754 0.867126985814028 1 0 1 NA
"70" 1 16.07276714786 8.52630955105039 1.02955937365278 1 0 1 NA
"71" 1 21.5260452465156 8.64333202086342 -0.734056759928468 0 1 1 NA
"72" 1 20.5740991567239 0.91586375943952 1.7997502138162 0 0 0 1.13331511037986
"73" 1 26.2192677857972 15.1043546296115 -0.127681477620305 1 0 1 NA
"74" 1 46.0199954164947 30.7189245985396 -0.160759220101825 0 0 1 NA
"75" 1 1.11437322613338 12.8974851383846 -0.586653812271496 1 0 1 NA
"76" 1 2.70042986409056 0.556535929157269 -0.840003542853096 1 0 1 NA
"77" 1 32.7049213244326 2.51126251651373 -0.0268315375631082 0 0 1 NA
"78" 1 4.67621580622581 6.03916213607775 0.721497399387841 1 0 1 NA
"79" 1 3.70972444886221 9.49449841464716 -0.643343395441692 1 1 1 NA
"80" 1 6.85017379646832 10.7938787130827 -0.440214163629753 0 0 1 NA
"81" 1 8.13821833462127 4.31794645269214 1.20473754831671 1 0 1 NA
"82" 1 14.5788217297419 40.0789994608212 -0.947569009774019 0 0 0 1.55750082415785
"83" 1 6.49263396577456 18.8602522748473 -0.764807166706589 0 1 1 NA
"84" 1 1.44264343871163 5.96855078975707 -0.12664931482675 0 1 1 NA
"85" 1 8.47007722967118 10.3336889215512 1.37059483897859 0 0 0 1.42454836627533
"86" 1 51.3283341849 13.1142725625046 0.194980777758775 0 0 0 1.40848557143629
"87" 1 4.67265602721617 0.290013549535038 0.663601862751034 1 0 1 NA
"88" 1 12.4228527760064 12.9424782571734 -0.0708058329929513 1 0 1 NA
"89" 1 19.7964783823704 12.4676949445825 1.16234227530333 0 1 0 0.420322166380846
"90" 1 9.96524697807947 1.06065616304251 -0.0843046758022438 0 1 0 2.92533659410289
"91" 1 8.88914515175473 17.6561806165413 -1.54139075570845 0 0 0 3.16291952293069
"92" 1 22.5975990319773 9.54631976619682 -0.541813649854111 1 0 1 NA
"93" 1 17.0130771141833 8.42348505407668 -0.58347762562301 1 0 1 NA
"94" 1 3.00123957224305 1.37774650748138 -0.642415324746348 1 0 0 2.90401743801338
"95" 1 3.58483419689218 1.77243983728273 -0.61187959973941 0 0 1 NA
"96" 1 37.7575371433504 14.6466556385789 -0.789732244505245 0 0 1 NA
"97" 1 15.8365722815379 7.57183709547666 0.33842621237305 1 0 0 2.10241970871024
"98" 1 7.82441302641255 5.37210947984136 0.313604733996402 0 1 1 NA
"99" 1 14.3548990571865 1.91111785581139 0.773326471680385 0 0 1 NA
"100" 1 4.59272439104144 6.7407653676411 0.142321560879056 1 0 1 NA
"101" 1 7.86311266302179 1.11654753983572 3.08320279204248 0 0 0 1.5564118337503
"102" 1 23.1894221369729 0.167152020575499 0.91478402234398 0 0 0 4.83692741599512
"103" 1 5.13229723288183 6.98357000873003 -0.154440577764978 0 1 0 2.21842192656522
"104" 1 16.3631942224228 9.57082620131933 2.00204391835964 0 0 0 0.643410290055969
"105" 1 2.97227186006068 0.633905335108854 1.61035076165212 1 1 1 NA
"106" 1 3.46616472979514 5.4909295823695 1.01558272465624 1 0 1 NA
"107" 1 1.63001527237894 2.90041313330845 1.59914771916854 0 0 1 NA
"108" 1 1.80455871679269 5.65319522443823 0.193173937868288 1 0 1 NA
"109" 1 7.74485855009331 1.73164363864784 -0.675596894495212 1 1 0 4.44408268035937
"110" 1 8.9058842011879 6.49605846011521 0.731713104266872 0 0 1 NA
"111" 1 2.03348562965491 4.39105251888391 1.91038669362317 1 0 1 NA
"112" 1 1.06249980512742 5.30448653738253 0.458881000146013 1 1 1 NA
"113" 1 25.1342222352257 1.89717621745667 -0.207891412274502 1 1 1 NA
"114" 1 1.97078439976437 0.802073209805737 -0.453579386423706 1 1 1 NA
"115" 1 4.74404942322163 0.531970825835762 0.845467127732351 1 0 0 1.49219334189387
"116" 1 7.88956117082924 14.6435755825003 -1.29064846697055 1 0 0 0.93647201265937
"117" 1 7.21270611682703 1.06772091433816 -0.371060097859867 1 0 0 4.46087274964575
"118" 1 4.73693649885806 4.8385497279901 1.90957009641231 1 0 0 0.596478383950569
"119" 1 4.18140661565867 7.23468912745595 0.372330518624762 1 1 1 NA
"120" 1 7.84474833838953 21.7034831966409 0.171624518908144 1 0 1 NA
"121" 1 11.6810634156626 15.5166398129391 1.33676734011338 0 0 0 2.44696063694423
"122" 1 13.9125698620551 48.579012443091 -2.44784645279307 1 0 1 NA
"123" 1 8.19094369014234 28.8971290125704 -0.748776121798078 1 0 1 NA
"124" 1 9.8253272805335 2.67586363227118 1.71247519921397 0 0 1 NA
"125" 1 29.8270150418947 8.22353898994059 -0.0996246503595348 0 0 0 1.05632954683786
"126" 1 12.9893904884129 10.8241965694003 -0.723180970958917 1 0 1 NA
"127" 1 8.41963897810107 9.22154513063263 1.01405422765297 0 0 0 1.77442031070027
"128" 1 3.95920955344168 16.1551046343049 1.05906347219583 1 0 1 NA
"129" 1 10.9852648153732 1.90930939406712 1.12463594496438 0 0 1 NA
"130" 1 10.6297525463426 17.8655681025504 -1.3373034066997 0 0 1 NA
"131" 1 11.2177788929489 1.75276342463798 -0.158709169604962 1 0 1 NA
"132" 1 5.64985969246598 6.57309854864546 -0.134357184654865 0 1 1 NA
"133" 1 7.16865961610215 5.57175582619937 -0.605389941025184 0 1 1 NA
"134" 1 11.0741141275586 9.60205930921652 -0.196487206969745 0 0 1 NA
"135" 1 15.1835969152026 26.7168667031284 -0.368465608687769 0 0 1 NA
"136" 1 15.6520650633897 1.98484482054628 1.23713385721104 0 1 1 NA
"137" 1 0.636241800778639 0.910155287781831 1.16667084627416 1 1 1 NA
"138" 1 7.88435635404576 7.18439402397244 0.590564458315267 1 1 1 NA
"139" 1 3.04628189963004 0.0796374301707791 -0.359090604267523 0 1 1 NA
"140" 1 63.2785314695549 26.0324523236726 -0.758456234916496 0 0 0 2.69657928522523
"141" 1 0.45940960278274 23.7759989721445 -0.871524098410212 0 0 1 NA
"142" 1 18.4423317624661 3.79657393686437 -0.297065215602295 1 1 1 NA
"143" 1 17.8843478631298 15.7979324080335 1.21309943352968 0 0 0 3.05335468123403
"144" 1 0.679940215581001 0.900462886512361 -1.42801743069628 1 0 1 NA
"145" 1 14.1005851228023 3.05242600311147 0.311048071889716 1 0 0 4.34286097968514
"146" 1 4.64409917850416 7.58044857901672 2.23276688619267 1 0 0 0.491359467147351
"147" 1 5.16798567634521 4.92657978153018 -0.649823719655262 1 1 0 4.21017797671988
"148" 1 6.01782614286235 1.82851279466833 1.12060920895282 0 0 1 NA
"149" 1 0.795102445082948 3.9353970158399 -0.502011481611809 0 1 1 NA
"150" 1 8.96036414020078 5.28519944218072 -0.713509908548135 0 0 1 NA
"151" 1 5.82063114549516 5.67197037566581 -0.492632473511868 1 0 1 NA
"152" 1 12.1314904328294 32.3502192626563 -0.703420979725741 0 0 1 NA
"153" 1 16.1342957321218 6.677142387404 1.19399102619403 0 0 1 NA
"154" 1 6.39472619313124 3.54490383975935 -0.524019935721446 0 1 1 NA
"155" 1 0.309872922688006 6.56783866526144 0.69000351660626 0 0 1 NA
"156" 1 21.1252955548477 1.83064216122917 -0.486859173511329 0 0 1 NA
"157" 1 0.355834255150376 4.54426481989171 0.149650104495553 1 1 1 NA
"158" 1 15.801813807486 8.83692567954244 0.00311729130808007 0 0 0 0.897060710146503
"159" 1 6.0664655408972 3.59329437125353 -1.19770567219802 1 0 1 NA
"160" 1 13.1470048427667 2.0683891360989 -0.211276669418352 0 0 0 1.38934348027255
"161" 1 3.93259161447578 11.7397284234203 -0.831593381277458 1 0 1 NA
"162" 1 10.4432280140463 9.66831185998549 0.114360504859458 0 0 1 NA
"163" 1 0.0631619983089889 1.91482171937024 0.611188396794488 1 0 1 NA
"164" 1 18.9744226802986 14.2488926198354 -0.625900899279871 0 0 0 4.44092455997621
"165" 1 1.07192657700498 4.59258232867994 -1.4707399519891 1 1 1 NA
"166" 1 3.28487510146122 4.38335993837629 0.213580469829332 0 1 0 1.39239242815132
"167" 1 10.2074317907234 38.6037756504301 0.450804160455982 0 0 1 NA
"168" 1 7.18989660034495 4.66126328661469 1.49405398200367 1 0 1 NA
"169" 1 12.4422315103646 0.518698404807092 -0.944380830855916 1 0 0 4.15579644306632
"170" 1 3.89871099724362 10.0571491300306 0.301321018446711 1 0 0 0.694976866285187
"171" 1 8.04704758039646 14.1786930913616 -0.629830534836631 0 1 0 3.14216170781991
"172" 1 3.3347447443802 1.62628105587758 0.560464467255642 0 1 1 NA
"173" 1 4.01728583581172 0.276548392878984 0.492359211987557 1 0 1 NA
"174" 1 5.79769696069424 5.7367538732767 -0.211193880537603 0 0 0 3.92608065154183
"175" 1 26.5335262499481 12.3366735169741 -0.370569747437527 0 0 0 1.75736080429504
"176" 1 16.1709450978805 0.354001600325182 -0.578903498763342 1 1 0 1.3013995996413
"177" 1 3.05391225923294 3.10013399318722 0.00122586495938604 1 0 0 0.657199245594592
"178" 1 1.70640659314276 0.6278760479056 0.879537446100156 1 1 1 NA
"179" 1 8.3738442665002 8.61418229335846 0.650412977792959 0 0 1 NA
"180" 1 11.995327472328 6.8497869688551 -0.144988260013261 1 0 0 3.40726576445717
"181" 1 3.15247620957004 1.76013793015008 0.358050647779953 1 1 1 NA
"182" 1 23.4511890057444 3.65586748061016 -1.5104336130632 0 0 0 1.84185128202301
"183" 1 2.27818244412848 4.13340795586515 -0.515765455557538 0 1 1 NA
"184" 1 5.49845348692286 7.6257285570318 -0.0140428988368088 0 0 0 2.56756246086806
"185" 1 20.6682412981756 8.65840775447708 -1.8461321681039 1 0 1 NA
"186" 1 8.509733421065 13.0497502244347 -0.16005538155816 0 1 1 NA
"187" 1 31.0796475969128 14.097798769592 0.889367403575927 1 0 0 0.204987793821515
"188" 1 19.4997757957741 0.264692321975855 0.393636469485222 0 0 0 1.21710786394903
"189" 1 32.9711309477695 1.72350099986361 0.553019212428309 0 0 1 NA
"190" 1 4.6087161712775 0.289067578049568 0.270542814867296 0 0 0 1.78274032207214
"191" 1 14.0041251032783 3.03590731777814 0.61804877728378 0 1 0 2.53523392675706
"192" 1 16.291923921761 7.42800101507404 0.0563108285165782 1 0 0 0.679586535406069
"193" 1 8.59674095609587 0.469311857242103 0.833206899769747 1 0 0 0.498875385512385
"194" 1 11.7648060435592 14.7763711802347 -1.71607806835239 1 0 1 NA
"195" 1 13.9026963298973 2.94682572107788 1.56478865589205 0 1 1 NA
"196" 1 12.981598058799 3.32710071628424 0.167884058848896 0 0 1 NA
"197" 1 12.1527263109442 21.1764461820204 -0.54491294013444 0 1 0 0.39575048856059
"198" 1 3.44118235600262 14.4607505119425 -0.593309654967546 0 0 1 NA
"199" 1 25.2074737192744 1.74251555299869 0.809864191467352 0 0 0 1.63645261167616
"200" 1 10.1439385710815 2.14034381148422 1.32282151983609 0 0 0 2.72857883049515
"201" 0 2.08466473804842 18.0454696992791 0.302972793560271 0 1 1 NA
"202" 0 1.30634240642914 18.6625162051074 -0.0808023627419921 0 0 1 NA
"203" 0 5.92835481329017 3.54970656769613 0.882322737044269 1 1 1 NA
"204" 0 8.51083922714014 5.28758530053051 0.144744104209406 1 1 1 NA
"205" 0 31.6599340919804 2.43034979668384 -0.83314021406433 0 0 1 NA
"206" 0 17.278032529247 3.31489614628275 -0.559425231683895 0 1 1 NA
"207" 0 3.31592767229247 18.0319403931692 -1.03676207566611 0 0 1 NA
"208" 0 1.5497989366129 21.4684110209042 -1.73426305978334 1 0 1 NA
"209" 0 4.31963016757625 9.90829386614062 1.51644011004491 0 1 0 1.02780898788905
"210" 0 5.74774007017243 2.68752619413788 -0.0370586855128582 0 1 1 NA
"211" 0 2.84384291609552 3.21671423726399 0.128622331779626 1 1 1 NA
"212" 0 20.7840289644045 2.37411942507022 -0.700099604155978 0 1 0 0.649212903145394
"213" 0 7.96075476737636 14.9679473501675 -0.312642567744311 0 1 1 NA
"214" 0 6.04313796301691 0.938405920140054 0.959032908252443 1 0 1 NA
"215" 0 0.720431592349552 6.43273686616436 -1.4679624899576 1 0 1 NA
"216" 0 39.6787459248044 15.6809623715831 -0.383794057440678 0 0 1 NA
"217" 0 4.82027056324836 2.89175342292265 1.40100229756611 1 0 0 1.44597122849619
"218" 0 6.7913457936842 2.2304864242616 -0.183391958998865 1 1 1 NA
"219" 0 8.75099365117679 8.87413612338932 -0.0279249384494582 0 0 1 NA
"220" 0 6.84727384417702 8.38811202061855 1.17321246265205 1 0 0 0.758013223906178
"221" 0 41.258104960375 2.1048566450989 -2.52236437065433 0 1 1 NA
"222" 0 19.979028719909 6.66190089258876 2.33386785052573 0 0 1 NA
"223" 0 17.8421463714303 19.7425937068771 -1.0836377869691 1 0 1 NA
"224" 0 3.74039229432996 10.5835323203339 -1.74616712552286 1 0 1 NA
"225" 0 3.86954430928734 4.66350816434521 1.32788824001855 1 0 1 NA
"226" 0 46.0857386175809 7.11982520288668 1.28694800773834 0 0 1 NA
"227" 0 2.31928719432165 14.5169611664901 0.431417893108982 1 0 0 0.437198234472466
"228" 0 5.76656300487015 16.2160591807491 -1.34553770955765 1 1 1 NA
"229" 0 3.11363178816158 2.65150226914877 -1.54809456176405 1 0 1 NA
"230" 0 11.5287156568596 2.54829854049208 0.174361328948509 1 0 1 NA
"231" 0 11.7729718514428 0.533208024365894 -1.26261468325196 1 1 1 NA
"232" 0 4.253748718588 5.86841995703425 0.342683883829472 0 1 0 2.04764572222953
"233" 0 5.91448510443678 5.09651469891733 -0.722487059017933 1 0 0 2.03725472659938
"234" 0 3.04964468049545 5.03151634046173 0.225762109293662 1 0 1 NA
"235" 0 12.3568464922599 1.88911047259317 1.39666321669183 0 1 1 NA
"236" 0 3.78443802928212 0.572132976911996 -0.337148753176603 1 1 0 2.58999544147213
"237" 0 7.35049920383909 0.735703870829394 0.102299144118648 0 0 0 5.4767021818056
"238" 0 8.39709141346718 0.605255228454741 0.429606203472018 1 0 0 3.15720771767365
"239" 0 30.5704354251118 9.30957462821616 0.317642098518683 0 0 0 0.940092763845414
"240" 0 9.36113571136601 1.24617106847852 -0.921517803014927 1 0 1 NA
"241" 0 13.7086522406885 23.7086830197087 -0.531954252829608 0 0 1 NA
"242" 0 9.29052252052621 1.03925077818722 0.879185683063002 1 0 1 NA
"243" 0 24.3231631457108 9.51232856208266 -0.981309951557262 0 1 1 NA
"244" 0 0.977119520585968 10.2548477964823 -0.947608871241114 1 0 1 NA
"245" 0 11.2284348780373 9.87035314034337 -1.00900739295049 1 1 1 NA
"246" 0 11.7587141368649 15.8975293590781 -2.71999965220543 1 0 1 NA
"247" 0 46.2365882825301 44.2936744742144 -0.573543673310141 0 1 1 NA
"248" 0 16.6232215411761 0.338422579710053 -0.298956961578115 1 1 1 NA
"249" 0 2.01717034685994 24.8115279376493 -0.824893658706184 1 0 1 NA
"250" 0 4.03115747087874 10.5074986008212 0.466006969985761 1 0 0 0.910584212964388
"251" 0 43.8646517404841 58.2987672505986 -1.37891666131756 0 0 1 NA
"252" 0 2.34368820083367 1.39273601889573 0.187141404799594 1 0 1 NA
"253" 0 3.68675778811965 3.16231492177643 -0.201801758102064 1 1 1 NA
"254" 0 0.964718838543163 6.5262422070811 0.75709957813944 1 1 1 NA
"255" 0 0.295872538866281 13.496846795673 -1.5403750905313 0 1 1 NA
"256" 0 2.94836721543918 2.09923483452337 1.39200108834591 1 0 0 0.937706655638762
"257" 0 8.74271197753503 1.96439079822943 1.13701738692795 0 1 1 NA
"258" 0 0.198295394019679 11.5844805855315 0.532051339843203 1 0 1 NA
"259" 0 6.38247601103221 1.77778762144216 0.75987259121515 1 0 1 NA
"260" 0 4.77021393900953 0.758151865705851 -0.970537406227632 0 1 1 NA
"261" 0 9.93829908865826 13.7471520061761 -1.69115916008071 0 1 1 NA
"262" 0 7.35554345107952 2.78585196377217 -0.526251435752394 1 0 0 3.57322442650761
"263" 0 61.2442560824284 9.33655021311036 0.0282282716335073 0 0 1 NA
"264" 0 6.09032091758547 2.37178110349091 0.6103449644996 0 0 0 2.72828988768945
"265" 0 16.9621098083608 10.7893251535281 -0.261863684675006 0 0 0 1.86781787120581
"266" 0 9.00297381679768 7.65526496374011 -0.732495030419902 0 1 0 3.31985867011035
"267" 0 16.3262699658498 13.9113647188569 -1.25902288255945 1 0 0 2.38340331566777
"268" 0 15.3013446573361 4.80331835616953 -1.3121058374809 0 1 0 3.75276607534798
"269" 0 6.93992300066096 1.96848404765346 -0.309496523844685 0 0 0 4.8427580706181
"270" 0 5.73049978793301 0.257993705501547 0.833314944329135 0 1 1 NA
"271" 0 9.51491202871921 1.00385126575468 0.292094766081404 1 0 0 2.61466472427584
"272" 0 2.88325052093508 2.9752863298461 1.83196257672413 0 1 0 2.04155342476644
"273" 0 2.46883662222822 18.8850110067504 0.15993425147205 0 0 0 1.80971164358959
"274" 0 2.25384799208904 4.65449102589122 1.14508571752004 1 1 1 NA
"275" 0 0.609285108470734 9.57915139762682 -0.362112030506595 0 1 1 NA
"276" 0 13.7764594639752 5.84878640009141 0.360313826514921 1 0 0 0.390121271881957
"277" 0 10.7224206143624 0.577633210685084 0.183471447515528 0 1 0 0.27318178658681
"278" 0 20.0719028636283 16.4744058997321 0.244984376188745 0 1 0 1.22098292707639
"279" 0 0.300591017050814 2.48340003213488 -1.52495723908152 0 1 1 NA
"280" 0 20.9666365375158 37.73560302486 -0.822272633517406 0 0 1 NA
"281" 0 25.954149072379 18.5499706060223 0.317069989133447 0 0 0 1.0252683111392
"282" 0 3.83628899676287 9.80921120824808 1.52317186592614 0 0 1 NA
"283" 0 53.2711094051731 26.2539539034469 -0.871982658017475 0 0 1 NA
"284" 0 4.24312603163894 12.0640372649611 -0.684506583761016 0 1 1 NA
"285" 0 34.1941506928009 2.31874659305833 0.85701372776494 1 0 1 NA
"286" 0 22.2984434374658 1.32928469399479 0.134950048466861 0 1 1 NA
"287" 0 12.4581460793939 6.13156264069773 -0.453563405072054 1 0 1 NA
"288" 0 11.6869170149629 10.2476061741537 -0.70928534809385 0 1 1 NA
"289" 0 24.7109099978144 12.6297010251781 -0.237041063181609 0 0 0 3.89478288094024
"290" 0 0.308636354409449 3.45356223292089 1.17900728502038 1 0 1 NA
"291" 0 18.4142983463587 10.8340496768132 1.11244867521709 0 0 0 3.37881035723081
"292" 0 5.32152608645005 1.73470551200674 0.362278651303281 0 0 0 4.41250526124472
"293" 0 10.1540341784853 7.79438614982292 0.607121290303083 0 1 0 1.38379526307962
"294" 0 7.58718033784875 6.31166902837674 -0.254359631282785 1 1 1 NA
"295" 0 4.30105202447301 4.88829156805919 0.190355820669802 1 0 1 NA
"296" 0 1.30546207174702 9.66832085704777 -1.08181525707615 0 1 1 NA
"297" 0 9.0663980513972 10.3349399490745 -1.09956348952192 0 1 1 NA
"298" 0 9.03766681211404 11.9232905691945 -0.150733821094115 0 0 1 NA
"299" 0 12.0807358767862 10.4800491488075 1.72366393748675 0 1 0 0.482025924727037
"300" 0 9.44729867138535 27.9598704061512 -0.968504834810933 0 0 1 NA
"301" 0 19.1638524865512 6.59424344671652 -2.14644173617624 1 0 1 NA
"302" 0 12.4773621540264 3.34884987593854 0.642649420686145 0 0 1 NA
"303" 0 13.8042883668301 0.886988663366808 -0.920135634128126 0 0 1 NA
"304" 0 16.2459464022206 2.92613072735205 -0.233794151939099 0 0 1 NA
"305" 0 1.1571578579155 7.49144401217811 0.0859767383533056 1 0 1 NA
"306" 0 14.9016918386414 5.6230762801704 0.28199293284718 1 0 1 NA
"307" 0 2.3521397288792 3.20436017376738 0.073699213200916 0 0 1 NA
"308" 0 7.58436813324476 2.03981863756341 1.69871877290561 1 0 0 3.26929290154554
"309" 0 28.2803146244719 3.82263628613836 -0.166189966775571 1 0 1 NA
"310" 0 7.72974735768141 5.16817474764419 0.53031294150586 0 0 1 NA
"311" 0 4.56151885481102 2.15088585720384 0.269721054196381 1 0 0 3.46752498562639
"312" 0 10.9865999161294 4.47333039951951 -0.717355900036005 0 1 1 NA
"313" 0 3.1219880424721 7.60661314014847 -1.24552342093347 1 1 1 NA
"314" 0 3.61434820798606 44.7711073508386 0.541274639375254 0 0 1 NA
"315" 0 5.5578444077373 6.09389632234923 -0.667123587941813 0 0 1 NA
"316" 0 30.0621893158684 26.2349331888449 -0.696520428671159 0 0 1 NA
"317" 0 5.29787851886219 7.6559114350982 -1.53754372480461 1 0 1 NA
"318" 0 4.03405377576492 6.09185703679076 -0.0509556940681687 1 0 1 NA
"319" 0 19.9219214856546 1.47505399763014 -0.606761620374291 1 0 1 NA
"320" 0 8.90017269821261 0.661879414949619 0.660794166293526 0 1 0 2.66361806085992
"321" 0 4.7476189052569 0.851571156531314 1.15734922227658 0 0 0 2.02543685408285
"322" 0 7.57923371861699 12.9665125555893 0.179674755013672 1 0 1 NA
"323" 0 1.88107499136844 8.10674727774442 -0.552499387624762 1 1 1 NA
"324" 0 4.44628708677282 7.56347483022729 -0.871329111340419 1 0 1 NA
"325" 0 5.33914205626471 1.67543149804212 0.236010718895363 1 0 1 NA
"326" 0 5.38726856005456 11.1678821796289 -0.461719698168743 0 1 1 NA
"327" 0 1.49590053295726 9.17415748553742 -0.285044200242991 1 1 1 NA
"328" 0 21.9694055391221 9.90280960294347 -1.60250281441433 1 0 1 NA
"329" 0 2.95202924563048 6.86020057789174 -0.349606280388446 0 1 0 2.47863292543353
"330" 0 9.57450211656942 1.8407074081535 -0.0232657366594811 1 0 1 NA
"331" 0 38.7802169056982 3.38909959737917 0.661460878928662 0 0 1 NA
"332" 0 2.26791456865237 8.32499312367251 -0.44560172970375 1 0 1 NA
"333" 0 6.38939036649183 0.695429053706164 -0.266937681494462 0 0 0 1.23597000842762
"334" 0 4.16329168515085 5.31337405412487 0.245397502092798 1 0 1 NA
"335" 0 16.2764904196125 5.10165661255309 -0.769474471795157 0 0 1 NA
"336" 0 10.0201733032548 5.13334376375975 -0.626523702625505 1 1 1 NA
"337" 0 6.57558331066176 2.97981678565235 0.450878311960715 1 0 0 1.08263560949348
"338" 0 0.705613516465318 3.07834214811749 0.185765076512018 1 1 1 NA
"339" 0 6.60308933848898 0.202563394716815 0.0254340231781443 1 0 1 NA
"340" 0 5.08455855702705 2.34167104558742 0.631741160608957 0 0 1 NA
"341" 0 2.57395370403571 6.78366621988479 0.684701636807609 0 0 0 1.51044884948357
"342" 0 3.3034439746841 6.98085689597191 0.523841858477109 1 0 1 NA
"343" 0 8.36875864458706 4.77345224442771 -0.249481215622164 0 0 0 1.95306774681349
"344" 0 0.891543500366951 6.57196615750756 1.74492273450473 1 0 1 NA
"345" 0 18.1075945730407 10.0127161545631 -1.72913078242437 1 0 1 NA
"346" 0 14.5199096045102 8.74304201472173 1.65497982013109 0 0 0 0.974824209783793
"347" 0 27.5593475454027 2.19441800662933 -0.932114342440448 0 0 1 NA
"348" 0 6.10211239187005 0.748862259009503 0.304280838667894 0 1 1 NA
"349" 0 7.54788996273717 2.79773909766936 0.561125948572121 1 0 0 3.81444988892986
"350" 0 34.5092430417956 9.65906502021235 -0.0376891361933419 0 0 1 NA
"351" 0 16.3154361081186 23.9998134595664 -0.386892396936783 0 1 1 NA
"352" 0 7.50654965608516 3.71452583987019 1.02833465739742 0 1 0 3.5859962858313
"353" 0 3.06156806050289 7.02248444418286 -0.600854731636822 1 1 0 0.801934625467423
"354" 0 2.27110649644886 10.0907441994422 0.769404189558976 0 0 1 NA
"355" 0 10.0684205415537 14.1992876752319 0.296598909550269 1 0 1 NA
"356" 0 10.3286261925643 2.41104972532632 1.51779904940103 0 0 1 NA
"357" 0 24.190219003924 0.619691760577036 -0.97907507700828 1 0 0 2.04919750049253
"358" 0 13.5028360415125 6.44270949613913 -1.09328985489039 0 0 1 NA
"359" 0 1.72022671880653 2.39909018220853 0.723302366199608 1 1 1 NA
"360" 0 3.83090465809302 11.5052743715864 -0.498805695900362 0 0 1 NA
"361" 0 2.42130253989356 1.59473163512305 1.57215435069566 1 1 0 0.781386914820127
"362" 0 8.60670974690841 4.63308254832456 0.2883309875472 0 0 0 3.04702845741036
"363" 0 19.1910669577304 2.43557039532441 -2.16483318696875 1 1 1 NA
"364" 0 4.27011655937412 3.86964748617984 1.6146019351814 0 1 1 NA
"365" 0 2.2428523899573 0.644019723074291 1.90017071162104 1 1 1 NA
"366" 0 9.17315711396019 14.3252445807477 0.444761524776375 0 0 0 1.53944741141258
"367" 0 20.9599526600732 0.669882439650452 -0.673560174873555 1 1 1 NA
"368" 0 6.68100469762803 1.22521214841959 0.016507936483747 1 0 1 NA
"369" 0 0.709022188579483 1.97639652884773 -2.21050227399858 1 0 1 NA
"370" 0 1.64381534975749 0.774269135220842 -0.107177119171241 1 0 0 1.34056660807494
"371" 0 2.6053163994853 3.16419053611409 1.9036354685602 1 1 0 0.987457053161843
"372" 0 19.4471882305671 7.05075909648942 0.558532248456833 0 0 1 NA
"373" 0 5.1517740185418 12.2040646126787 -0.191622472151132 0 0 1 NA
"374" 0 25.6714474013436 11.5765127228418 0.38627921289139 0 1 0 3.64021223330925
"375" 0 10.4535859942451 6.99782644971169 -1.37972161988667 0 0 1 NA
"376" 0 18.2549384477539 10.207217053818 -0.246845674781728 0 0 1 NA
"377" 0 5.10155633643979 1.23466079498638 -1.50736085028684 1 0 1 NA
"378" 0 1.48772777942302 2.24557211183965 1.08569669267035 0 1 1 NA
"379" 0 0.8644787167751 0.974857455609217 -0.425592959333162 1 0 1 NA
"380" 0 70.0589795082316 3.5339618438315 -0.836364050956321 0 0 1 NA
"381" 0 0.853864484132827 0.493320690615705 1.07179800969052 1 0 1 NA
"382" 0 11.0201609570543 0.705055325983654 0.754315509869937 1 0 0 2.51410648667425
"383" 0 5.71138134826992 3.66189422469358 0.935112563549523 0 0 0 1.56778661481061
"384" 0 6.98474009387552 41.9968869084381 -1.68205793640143 0 0 1 NA
"385" 0 2.42877583280268 0.318429203096399 1.18273283428357 1 0 1 NA
"386" 0 2.32179323187468 7.91750425185535 0.505097751549748 1 0 0 1.00449615214462
"387" 0 4.99306446200918 7.3100304128102 1.21409055224198 1 0 1 NA
"388" 0 0.683038744865551 32.8224409906581 0.0637529202165739 0 0 1 NA
"389" 0 5.55971350734945 11.2997326363294 -1.41445636985257 0 0 1 NA
