"Z" "Y1" "Y0" "x1" "x2" "x3" "ID" "D"
"1" 1 1.36342718351613 1.23107622956402 0.982334097592721 1 1 0 0.693383350291968
"2" 1 1.50550573729366 8.24490555794223 -0.119924704302542 1 0 1 NA
"3" 1 1.46794733226336 6.317445378255 0.520365492752313 1 1 0 0.550886217180739
"4" 1 2.41255084505562 2.27038210468751 1.57793703508936 1 1 1 NA
"5" 1 4.89824612318939 9.28103189939271 -0.417703898894961 0 1 0 2.85634052776965
"6" 1 16.7235977124586 5.09918559986166 -1.76705779468891 0 1 1 NA
"7" 1 9.94337367597215 5.270996441035 0.24475768661394 1 0 0 1.882785383189
"8" 1 9.31866515615807 4.90739803325567 -0.236406766393238 1 0 1 NA
"9" 1 10.7843436653369 6.80124751791403 -2.11163803697102 0 1 0 5.00535844375147
"10" 1 16.5085535398519 10.511584619903 -0.183227768081081 1 0 1 NA
"11" 1 9.61673778868767 5.17011173682823 -1.92157473917189 0 0 1 NA
"12" 1 16.555254217181 26.7765438155384 -0.875139588036976 0 0 1 NA
"13" 1 12.1007770527015 9.26556353727441 1.07794256636411 0 0 0 2.49464746836957
"14" 1 3.99415383988561 10.304244246405 -0.376771161645164 0 0 1 NA
"15" 1 21.687534127051 10.213534441385 1.55587635102506 0 0 1 NA
"16" 1 2.81250362501457 7.24468660839396 1.33855431525909 0 1 0 0.95975375626044
"17" 1 23.6576568330364 7.78908492498065 0.845347214456322 0 0 0 1.41595470935442
"18" 1 33.2260243227239 4.80871504834842 0.848299921780972 0 0 1 NA
"19" 1 6.13501050263555 4.34415541490919 1.28354278370947 0 1 0 1.4340365182766
"20" 1 24.3492650133005 2.77613398678596 0.580688830377018 1 0 0 1.6318308728479
"21" 1 4.81851270414089 4.71143656973328 1.25525753578053 0 0 0 0.831145000729491
"22" 1 5.97081347926607 2.59234023443456 0.0690705991126785 1 1 1 NA
"23" 1 7.12682149728111 19.5120471245892 0.733968313822527 1 0 0 0.823543381366419
"24" 1 10.2479344348835 6.10860123038333 0.818269090520736 1 0 1 NA
"25" 1 1.4915566478451 17.6559531250712 1.25963956598646 0 0 0 0.282683343383272
"26" 1 22.0920661837512 22.46218717758 -0.731650917276668 1 0 1 NA
"27" 1 8.15559012919993 2.45966838617976 2.24343596909654 0 0 0 0.236788204081286
"28" 1 8.06683195379139 3.7411798109684 1.55886462935022 1 1 1 NA
"29" 1 6.26186301813725 6.68892385416211 -0.355003515750521 0 0 0 4.61171061004784
"30" 1 2.54930092074124 4.65436673116703 0.953145611570356 1 0 1 NA
"31" 1 5.37475501505473 31.7121652169527 -0.0138944659503476 0 0 1 NA
"32" 1 0.798559779177145 12.6128106845328 -0.00109754546585714 0 0 1 NA
"33" 1 6.22677872877525 1.02684334613825 -0.199580280444006 0 0 1 NA
"34" 1 3.77950932070998 1.36032286222268 -0.380563284889486 1 0 1 NA
"35" 1 8.99773837476431 6.49518557683217 0.018339230934805 1 0 0 5.90801476230881
"36" 1 11.0852430256075 18.2408095986388 -1.00792845378503 0 0 1 NA
"37" 1 19.9801313765014 2.64001212150633 0.137368714219729 0 0 1 NA
"38" 1 26.5155574040204 24.5845075903927 0.906627284269467 0 0 0 2.24909798827862
"39" 1 0.672878243266379 3.69211909691779 -0.831487706445607 0 0 1 NA
"40" 1 19.447053781503 1.29610940372008 -0.774864350230796 0 0 1 NA
"41" 1 4.4730910739245 5.03278148850639 -0.278267272930471 1 1 1 NA
"42" 1 5.3387076408619 2.73891553505424 0.821647233407097 1 1 0 0.881850479242345
"43" 1 6.55486105409953 4.9851405728172 -0.347248356825852 1 0 0 2.49749245481246
"44" 1 1.78289426571627 6.09457439561607 1.68140889442014 0 0 0 1.37546890072921
"45" 1 1.93582566809516 8.71446360296852 0.557955982738208 1 1 1 NA
"46" 1 2.41604367144468 2.68345052428188 -0.539901951930254 1 0 1 NA
"47" 1 7.96894923984535 2.59017556449611 -0.370532785359963 0 0 1 NA
"48" 1 2.29733783110561 19.7652383068382 0.383752815141907 0 1 0 1.71843190767623
"49" 1 34.604706187977 3.46616225795809 1.37998720545686 0 1 1 NA
"50" 1 4.18166176327616 1.23318922755457 -1.30556594013092 1 1 1 NA
"51" 1 8.15669959689464 7.34544526790619 1.79709489417035 0 0 0 2.0137914325881
"52" 1 3.7451984605288 21.3838702876523 -0.680897907624973 1 1 1 NA
"53" 1 9.58452787283545 7.82568451431742 -2.35874549106325 0 0 1 NA
"54" 1 18.2423911733802 19.7943214264014 -0.318872622091294 0 0 1 NA
"55" 1 3.71997820840212 1.32088055726628 2.13088533747274 0 1 0 0.841649543963763
"56" 1 18.6922130846672 2.35226400756706 -0.235287530739087 0 1 1 NA
"57" 1 7.69263526176463 7.85146784248838 -0.523393957850967 0 1 1 NA
"58" 1 16.5456893553675 9.71601542159783 -1.25993513588802 0 0 0 1.91754010302344
"59" 1 4.87568041072291 4.79054488942411 0.526361470540485 1 1 1 NA
"60" 1 2.82049695249599 3.38022671486664 1.95665363123145 1 0 0 1.27541573254555
"61" 1 1.79861435105086 0.928101294436011 0.70239503729787 1 1 0 0.742669622937223
"62" 1 10.1170033559514 7.51100147880197 1.6960110679882 0 0 0 2.3347115856067
"63" 1 2.91131648004413 0.222861370124778 1.87007406033032 1 0 1 NA
"64" 1 0.94990455668874 6.82381865112356 2.25231199349047 1 0 1 NA
"65" 1 13.7817592239 13.916271627281 -1.78625241142279 0 0 0 3.44472643742586
"66" 1 7.28055539890236 20.6618456191264 0.480361989538532 0 0 1 NA
"67" 1 10.4923471247582 3.92918593688138 0.865015947639379 0 0 1 NA
"68" 1 15.8960337049485 1.09931540077888 0.276866396673337 1 1 1 NA
"69" 1 2.12408801509196 4.79426613690663 2.39846883677804 0 1 0 0.385476072267407
"70" 1 4.68588455240785 1.3410691734923 -0.767978809447375 1 0 1 NA
"71" 1 10.9443078162191 26.2185327265753 -1.18063624721482 0 0 0 2.37500569334255
"72" 1 1.8139740592764 1.98445831811062 1.00459198036743 1 1 1 NA
"73" 1 3.44344502730693 40.6119555529567 0.306190316380698 0 0 1 NA
"74" 1 1.85051857048402 6.7183019810166 -1.04746047298351 0 1 0 1.61593690979854
"75" 1 0.876145415192088 9.94943985292263 -0.611538850237562 0 1 1 NA
"76" 1 0.315928977854896 1.66906532828359 0.197035154163572 0 1 1 NA
"77" 1 7.38294055377279 5.79296881687565 0.513386522927414 0 0 0 1.13442191354161
"78" 1 16.8913698908119 5.53749799882839 0.000985054663682331 0 0 1 NA
"79" 1 6.9924119173068 7.0656092458374 -1.38048738098139 0 1 1 NA
"80" 1 3.33538447198144 32.1802486946885 -0.396069811490545 0 0 1 NA
"81" 1 2.11933079316942 16.9075027611049 -1.96595771602773 1 0 1 NA
"82" 1 1.03301681888927 2.76811693370429 -0.959402101574588 1 1 1 NA
"83" 1 9.62435189364527 8.08688065568317 -0.471806694027508 0 0 1 NA
"84" 1 9.57404214668668 8.20077477703231 -1.19426416646041 1 0 1 NA
"85" 1 10.6209293799777 3.94535871497052 -0.314547246277936 1 1 1 NA
"86" 1 3.98437159180616 9.54477938244012 2.61714654405283 0 1 0 0.478937021686501
"87" 1 5.90850792155409 9.13684921513591 -1.12907827898106 0 1 1 NA
"88" 1 13.8742118390032 33.7138149267238 -1.80037597202701 0 0 1 NA
"89" 1 2.76597929127536 2.91559333970971 -0.762298795527064 1 1 1 NA
"90" 1 2.16429273225377 4.29401876836443 -0.170762563654727 0 0 1 NA
"91" 1 12.2128006687907 18.9925178880005 0.205165884890497 0 1 0 0.0848599806245679
"92" 1 2.51339874955596 3.7575718155068 0.369410039320013 1 1 0 2.36002407045801
"93" 1 14.8215610381152 13.9845341295602 -0.176955878537267 1 0 1 NA
"94" 1 12.6094994466496 15.9237232557211 0.134056063703162 0 0 0 5.83075815976029
"95" 1 2.07235083540289 9.67832831189298 1.76948816641729 0 0 1 NA
"96" 1 3.78008031132798 1.18129315537458 1.86544661687198 0 0 1 NA
"97" 1 8.55025074859917 11.7349634567255 1.2684167927929 0 0 1 NA
"98" 1 1.10414380564543 0.901595493014313 0.42492895683601 1 1 1 NA
"99" 1 9.90283984391066 11.8092909500119 -1.1955246583975 1 0 1 NA
"100" 1 2.37240840035034 3.09074989084005 -1.11376472246772 1 0 1 NA
"101" 1 23.0912805937719 7.41456679928525 0.464128654857053 0 0 1 NA
"102" 1 9.97343699645598 5.53197558438777 -0.551731826949421 1 1 1 NA
"103" 1 7.29570618667038 10.5473530965705 0.793826110297155 0 0 0 5.12814690324886
"104" 1 6.4239862027674 4.65440512813841 -0.0646312486105014 1 1 1 NA
"105" 1 3.75869864167913 6.50088283230371 -0.848880403061311 1 0 1 NA
"106" 1 14.7835176337094 6.94528972977754 -0.191465475769935 1 0 0 5.99112545104845
"107" 1 5.94379692897325 11.1478852987924 -0.567661447773853 0 0 0 5.2519760504935
"108" 1 6.98192220880306 3.70752454149353 -0.648224745993073 0 1 1 NA
"109" 1 1.18950890962037 19.4307310149559 0.253536730073333 0 0 1 NA
"110" 1 1.64034646758342 3.67902432566152 0.502021062002323 1 0 1 NA
"111" 1 1.45084609453844 1.21541581225029 1.81769852820594 1 0 1 NA
"112" 1 11.68203958853 7.75477030719541 -0.747711731498203 1 0 1 NA
"113" 1 20.3725081493135 25.6629739988441 -0.421240140472998 1 0 1 NA
"114" 1 8.50660573979026 10.551050014925 -1.7293754108892 0 0 1 NA
"115" 1 1.94322805386627 8.08456332159167 -0.947021329378063 0 1 1 NA
"116" 1 20.5193930828831 8.33303364226357 1.41775497188822 0 0 1 NA
"117" 1 15.5009442015991 2.0848184253337 0.232016979190525 0 1 1 NA
"118" 1 7.12722196849555 6.53925315335776 -0.239120880245795 0 0 1 NA
"119" 1 2.59433227430996 2.55093855712364 0.246021239560728 1 1 1 NA
"120" 1 12.6383949880291 14.9615372927684 -0.195954847683099 0 0 1 NA
"121" 1 34.6773475292328 3.91418416934154 0.939733722701851 0 0 0 2.07348481664835
"122" 1 8.11159271241938 17.9926636836504 -0.786978719159266 0 0 0 3.38144421762573
"123" 1 1.6683226574604 9.19311957567752 -0.0132100630915309 1 0 1 NA
"124" 1 3.85928160711596 0.606623773428858 0.385393260769142 0 1 1 NA
"125" 1 8.98731922549055 14.1600374277575 0.780241508933854 1 0 1 NA
"126" 1 6.73793641355471 21.7609253294911 -1.59254064434599 1 1 1 NA
"127" 1 5.87522555408038 8.13941765041657 1.22283579572041 0 0 0 2.25005071011977
"128" 1 7.00886991907635 10.5374092771242 -0.214616586287563 0 0 1 NA
"129" 1 7.92523552721875 6.85300083542391 -0.0370477133929133 0 0 0 4.65321565458198
"130" 1 3.7519782980908 13.7781261843246 -0.86488978575019 1 0 0 3.09864882153039
"131" 1 6.26196775740736 6.52251968638648 -0.518871947958271 1 1 1 NA
"132" 1 6.24967065199533 0.220652413683257 0.977356969547459 1 0 1 NA
"133" 1 7.61391206219007 2.71664855533891 0.834316245300098 1 1 1 NA
"134" 1 14.0428697338949 0.327945565039497 0.478897099692831 1 1 1 NA
"135" 1 8.91627127423288 2.26231691913949 1.30396899790371 1 1 1 NA
"136" 1 4.9256830802465 1.14411181713209 0.396083491322228 1 1 1 NA
"137" 1 10.0296444314099 0.807496499148899 -1.66941859653334 1 1 1 NA
"138" 1 2.3293531680281 4.11156522565561 -0.195382326668397 1 1 0 0.839350663813441
"139" 1 1.38361634703486 11.4555728416253 0.136644840128924 1 0 1 NA
"140" 1 1.78679202744654 2.70039135932233 -1.07879456482083 0 0 1 NA
"141" 1 4.73882351626935 3.02118231053924 0.287218675252338 1 0 1 NA
"142" 1 23.1429682880625 42.8223474154604 -2.55180747225165 0 0 1 NA
"143" 1 15.9397630303475 5.3651493945746 -0.844341158990936 0 0 0 1.13445686694
"144" 1 1.78512698239545 0.583843754713659 -0.0279135771169645 1 1 1 NA
"145" 1 11.6272847701488 0.933306483609914 0.676601309093432 1 0 1 NA
"146" 1 13.1934534357399 10.2959926511091 -0.138220997643095 0 0 1 NA
"147" 1 1.50430565165432 3.21557631013568 -0.198647407023976 1 0 1 NA
"148" 1 6.12442205898212 4.60728285104107 -1.23195621939033 0 0 0 2.89774311377709
"149" 1 13.2084047641276 4.38240634684458 -1.01621731003225 1 1 1 NA
"150" 1 33.7939778701721 8.93026328028247 0.194928106145049 0 0 0 2.13223749619003
"151" 1 3.58416419241496 3.75194418615424 -0.229903886462915 0 1 0 3.36905707322973
"152" 1 13.2298030229363 7.82643296855551 -0.015053426122525 0 1 1 NA
"153" 1 6.41744015063606 7.36227678049143 -1.01867044062431 0 0 0 0.529662380961025
"154" 1 2.49860895945893 2.11495377258742 1.88257883631619 1 1 0 1.19522285018368
"155" 1 7.05533644927653 7.29663422956184 1.30357563011344 0 0 1 NA
"156" 1 45.4489204961616 1.07005287096022 -0.798765156279816 0 1 1 NA
"157" 1 8.97093892068583 13.9820020764412 0.513151584111915 0 0 1 NA
"158" 1 7.29447320216939 6.94739881150626 -1.02163273032683 1 0 0 6.88614408379567
"159" 1 6.28451288248708 8.55494517455964 0.280962215139337 0 1 1 NA
"160" 1 8.10347815988314 4.69070001573911 0.969947234184037 1 0 1 NA
"161" 1 5.5378469164355 13.1664340915722 1.12487202304292 0 0 0 1.24959735869532
"162" 1 4.57826609198276 5.33841191828302 -1.21034261359742 1 0 0 1.798140280133
"163" 1 4.57054953502736 17.0716853542185 0.828252671888676 1 0 1 NA
"164" 1 9.84497745629027 6.64628983721607 1.31949408186706 1 0 0 1.42994548266529
"165" 1 7.46513745391377 8.08712259502059 -0.518184006926161 0 0 0 2.6324102304825
"166" 1 4.2259151729188 1.09468498288274 0.553861722084963 0 1 1 NA
"167" 1 5.26131035762893 0.553683854141609 0.229848524103022 1 1 1 NA
"168" 1 11.3168526674403 24.7513002728482 -0.775749602299765 0 0 1 NA
"169" 1 0.336922316974181 0.920050000820553 1.57703142988827 1 1 1 NA
"170" 1 1.29891658554894 3.54565673437687 -0.894357673587243 1 1 1 NA
"171" 1 7.48199655635434 14.8454181326589 0.275338859690732 0 0 0 2.4757969198493
"172" 1 38.6665012182069 0.604923876633249 -1.83668451593482 1 0 1 NA
"173" 1 5.08940489024955 1.13211840081727 -1.32056312996834 1 0 1 NA
"174" 1 0.452881834829227 1.07151538709856 -0.286754353238533 0 1 1 NA
"175" 1 13.7977422928145 11.0124503896453 1.19521114697289 0 0 0 1.94535277870629
"176" 1 0.258917078475773 2.23120221937152 -0.660723334367025 0 0 1 NA
"177" 1 8.08546855723974 4.93410309483567 0.243442946642217 1 0 0 3.36977520490933
"178" 1 18.6806666204098 29.6560002749885 -1.20073965609793 0 0 1 NA
"179" 1 5.7757737902164 15.7157706333651 -0.289858602140262 0 0 0 1.46355095636436
"180" 1 11.9973812535887 5.46591489444846 -0.252399183199286 0 1 1 NA
"181" 1 9.09517045790106 0.329060103515921 -1.22179223379779 0 1 1 NA
"182" 1 4.21346821374944 7.56914982388805 0.225868614002913 1 1 1 NA
"183" 1 3.52441811605564 9.02756818616948 0.467214333792551 1 0 1 NA
"184" 1 16.7785572489334 6.70051730024208 0.186974594920041 0 0 1 NA
"185" 1 9.76632372280129 22.8213787689613 -1.58737986198158 0 1 0 2.37685073305407
"186" 1 1.37996266485123 8.89599347458478 -0.936365293152411 1 0 1 NA
"187" 1 22.9642811193981 4.6685980844251 0.0991051521705421 0 0 0 1.41085521111946
"188" 1 12.7841625736861 1.37661178458504 -0.0188954578742568 0 0 1 NA
"189" 1 8.06958676947834 10.2251706947447 0.916474475970817 1 0 0 1.73751040001079
"190" 1 4.00523784467675 2.29570146457843 0.593316335268793 1 1 0 0.552220316751607
"191" 1 5.80843749809465 7.84816438372628 0.592271647640871 0 1 1 NA
"192" 1 22.9140411206269 4.64444364669544 -0.783031091506066 0 0 0 2.74653439326737
"193" 1 2.36862134975955 13.7115604016385 -0.897715972729 1 0 1 NA
"194" 1 5.2668784295322 5.46046998128041 -0.742767138523533 0 1 1 NA
"195" 1 27.0879988292242 25.4564631545425 -0.852846393345972 0 0 1 NA
"196" 1 2.51725338466042 2.26993789283278 0.619557701517696 1 1 1 NA
"197" 1 15.388921460781 4.92815274591636 1.33738512856397 0 0 0 1.32359195511161
"198" 1 4.8368950938472 8.8477558128684 -1.1652333784575 1 0 0 1.24029074497389
"199" 1 9.77871579844343 11.010044618206 -1.70978540157284 0 0 0 3.22281339447401
"200" 1 0.419880354020598 8.17711329713651 0.906716903771253 1 0 1 NA
"201" 0 8.3320773787055 0.936605973216946 -0.294107699884292 1 1 1 NA
"202" 0 22.3059379620887 4.34605613703698 0.407188556746848 0 1 1 NA
"203" 0 12.7491503148563 8.27640243484374 -0.66597556954392 0 1 1 NA
"204" 0 2.30416122858766 13.2581571237898 -0.666988041489937 1 0 1 NA
"205" 0 39.8019945337357 16.2709490848664 -1.29549498064424 0 0 0 4.0022091682792
"206" 0 2.53317393572915 16.334681015766 -1.3661578414165 0 0 1 NA
"207" 0 7.76930278155359 14.9279590640518 0.286107843990704 1 0 1 NA
"208" 0 2.33984270819404 4.49176580406246 1.50903989294751 0 1 1 NA
"209" 0 9.13146207052485 0.337574924373883 -0.559568923934673 0 0 1 NA
"210" 0 1.72998778561665 2.47637502796883 -0.106415639605008 0 1 1 NA
"211" 0 6.40468972245392 7.13914985147125 0.00626704359252911 0 1 1 NA
"212" 0 3.93871724739045 14.2842820966423 -0.930951901957038 1 0 1 NA
"213" 0 17.9591605606678 4.9691481879882 -1.05821093181409 1 0 1 NA
"214" 0 2.95445168562491 13.4670393377255 -0.713265544531389 0 0 1 NA
"215" 0 8.4527017080346 23.2567458947932 -0.788834246284293 0 0 0 4.73081833934227
"216" 0 9.48963192730147 7.19854958546592 -1.44417232852804 1 0 1 NA
"217" 0 8.24230698435976 4.96027727504876 -0.0191707854199911 0 0 0 2.07573907308355
"218" 0 20.771234215291 5.65503928310834 -0.284276232133299 1 0 1 NA
"219" 0 20.370553334839 22.5738739625548 -0.297463076946448 0 0 1 NA
"220" 0 38.9854935210292 3.71725700568151 -0.709659429999824 0 0 1 NA
"221" 0 30.7117792554395 3.66371013144928 -1.06370971174963 1 0 1 NA
"222" 0 0.816919045716024 21.4526117969708 -0.776599250343687 0 1 1 NA
"223" 0 1.56927323339248 14.3549054580947 -0.348085087657176 1 0 1 NA
"224" 0 19.2959108345807 3.63726433851145 -1.69503692759614 1 0 1 NA
"225" 0 15.1820731079007 4.10483826547233 0.373759557569605 0 0 1 NA
"226" 0 0.135447515107696 1.65015535873725 1.3697815340673 1 1 1 NA
"227" 0 5.53287869136262 19.0244461511703 -1.06783791597997 0 0 0 1.51834289922284
"228" 0 2.88734356583833 11.6421507175733 -0.818657169116475 1 0 1 NA
"229" 0 4.48540706288904 5.67521164428296 -0.175305297410115 0 1 0 0.683394974305386
"230" 0 3.20095907605786 1.42795585965964 0.630045011671126 0 1 1 NA
"231" 0 3.32439346556489 7.66928229210757 -0.374644011347936 1 0 1 NA
"232" 0 4.2770804762706 2.80281905948402 0.17692519683522 1 0 1 NA
"233" 0 16.0426752159068 4.61446511022755 -0.164162961279727 1 0 1 NA
"234" 0 19.1950354106738 2.34212001559513 0.162695979195516 0 1 1 NA
"235" 0 7.76279820086679 1.1100541446705 1.67932644089942 1 1 1 NA
"236" 0 10.137826432983 0.663827036636479 -0.906412376140068 0 1 1 NA
"237" 0 0.372329544654075 9.69747588802073 0.38452782619364 1 0 1 NA
"238" 0 10.8513505956563 7.34664604415376 -0.819441228274247 0 0 0 6.21669489067211
"239" 0 2.26021970370527 3.84911850697638 -1.7369727898805 1 1 0 1.38090074894775
"240" 0 2.78569840660549 5.88684836517429 0.349717991948149 0 0 1 NA
"241" 0 18.4664003221233 12.7876265826247 -0.480290396470266 1 0 1 NA
"242" 0 2.20897285076539 1.65285716272103 1.10842864467845 0 1 0 0.36594114538386
"243" 0 2.32024688835908 10.0129100233665 0.555607087622308 1 0 1 NA
"244" 0 3.44932489454255 17.2088921178194 -0.464405576089223 0 0 0 2.41180346326217
"245" 0 9.54058979970107 13.5053308163 -0.0138416914319928 1 0 0 2.10887289082186
"246" 0 5.92167570780833 7.35903247758732 0.158731449231001 1 0 1 NA
"247" 0 0.621726484120409 10.4168428777684 -0.315359743406771 1 1 0 0.572386647631051
"248" 0 8.69470881425713 8.95845823321217 -0.554045778871956 1 0 0 7.04266395521315
"249" 0 11.3951709797114 6.18485753156153 -0.871103331569722 0 0 1 NA
"250" 0 20.1736481671806 6.66090343688807 -0.27900028735801 0 1 1 NA
"251" 0 4.19120582592731 3.90461836605691 1.68499469848857 0 0 1 NA
"252" 0 3.09602067599142 5.61632523657135 -0.237662906412649 1 0 0 1.69971060166121
"253" 0 4.29742264682447 3.52834595057496 -0.160809531545986 1 1 1 NA
"254" 0 0.884413197342994 6.0889812416718 -1.71103692867052 1 0 1 NA
"255" 0 9.71953517175711 7.06758637329766 0.968653587394967 1 0 0 0.654990820741239
"256" 0 0.123147736820096 0.694964636204692 1.01497000275143 1 1 1 NA
"257" 0 25.1643420814733 19.7368110562732 -1.78371102076008 0 0 1 NA
"258" 0 9.02255063558844 13.4315737307945 0.823108906062165 0 1 1 NA
"259" 0 5.17519360311584 16.0337064364331 -0.721200146503995 1 0 1 NA
"260" 0 5.88184349112839 4.90630189665133 1.85984251884227 1 0 0 3.45239403176603
"261" 0 2.46004384503847 11.8757560837259 -0.0283098891025545 0 0 1 NA
"262" 0 2.57874917701576 8.67676973102829 0.144451325430355 1 1 0 2.36079477635699
"263" 0 2.67299981759919 2.85411583161817 -1.10964052964305 1 0 1 NA
"264" 0 6.61448658886552 4.60599434203382 0.446717114497365 1 1 1 NA
"265" 0 12.4863655906716 20.5289634704368 -1.62193834718373 0 1 1 NA
"266" 0 4.57781994984048 21.8482660764244 0.56658795037807 0 0 0 3.47998080171373
"267" 0 4.96108311910699 7.61625540179919 0.461830616217087 1 1 1 NA
"268" 0 59.505460303165 33.8589189144702 -1.8076750647287 0 0 1 NA
"269" 0 1.7895156042592 2.64501413088489 2.1008005751702 1 0 0 1.62408503432996
"270" 0 41.9036642600042 15.1191459507987 -1.05423335503696 0 0 1 NA
"271" 0 5.11012985196759 2.97582387204463 -0.385060763177827 1 1 1 NA
"272" 0 7.15918166647402 10.9670062661482 0.26221171949139 0 0 0 1.76050575688313
"273" 0 7.0095150053597 5.08300427747665 2.72947742931847 0 0 0 0.597242852758495
"274" 0 3.76024534828818 12.2400095683533 0.950336472309427 0 0 0 0.571829349081782
"275" 0 1.96443117933317 0.72787911641581 0.659292619851374 0 1 1 NA
"276" 0 16.4905971602335 11.5707135238939 -0.415442597889968 0 1 0 3.88340930915058
"277" 0 11.7688941883102 5.42009099429203 0.552401314544141 1 0 1 NA
"278" 0 11.382776942706 18.0611875518535 0.417388813870032 0 0 0 2.40588494564747
"279" 0 4.24961171941815 7.92823478936432 -0.0664025919794244 1 0 0 3.165314172229
"280" 0 6.17873213512708 1.31638499320436 0.163019592635833 1 1 1 NA
"281" 0 12.2317206942273 11.0363618867477 0.152427027374834 0 0 1 NA
"282" 0 35.3345459077967 6.33682233509894 0.105097170582844 0 0 1 NA
"283" 0 8.20490400502573 1.18974138160469 -0.901949434653134 1 0 1 NA
"284" 0 4.90376854102426 2.21630893250636 1.68647606039263 1 0 1 NA
"285" 0 2.98818823218259 17.8849447881663 1.21809695514331 0 1 0 2.69948931625754
"286" 0 4.61150048523697 4.95610033881688 1.95071165116839 1 0 0 1.52840578620887
"287" 0 3.66777689023129 2.78402058879234 0.583961314161297 1 1 1 NA
"288" 0 8.11956084287659 17.4842613336359 -1.34692221370133 1 0 1 NA
"289" 0 7.22886095016083 17.1413620491772 0.210670781087767 0 0 1 NA
"290" 0 10.4675300050437 6.85872350354407 -0.441899945828699 0 0 1 NA
"291" 0 4.85565607989199 1.01490895555072 1.59612322446695 0 0 1 NA
"292" 0 7.92270155001003 15.2861168692073 -0.178904158726661 0 0 1 NA
"293" 0 2.94011995044173 5.51367951237669 -0.325694910122117 1 1 1 NA
"294" 0 1.09416916439043 6.05630558320542 1.3773720218685 1 1 0 1.04149235988411
"295" 0 7.39744236471903 10.4084006297717 1.08503017397842 0 0 0 2.40090849524842
"296" 0 4.11760237459809 7.87615758186727 0.125588107400887 0 0 0 3.98728648113919
"297" 0 17.1785700699953 7.83800870562705 -1.56054082382936 0 1 1 NA
"298" 0 27.3587329324809 1.64619378832556 -1.40457545186288 0 0 1 NA
"299" 0 0.872203247693711 19.1836166003973 -0.267864183599388 1 0 1 NA
"300" 0 6.48231930051013 0.0489769173831813 1.75467691821834 0 0 1 NA
"301" 0 6.46038140160554 2.30722949048663 0.556007733129731 0 0 1 NA
"302" 0 13.5090649842259 18.2261297093174 -0.688185202894029 0 0 1 NA
"303" 0 6.91802770237679 10.7179811203517 -1.59757173610845 0 1 1 NA
"304" 0 15.8054722164776 2.97110839303225 0.0572222964260907 1 0 1 NA
"305" 0 4.9595830276782 1.53874287311451 1.15793911312295 0 1 1 NA
"306" 0 1.95146113801811 12.7072366329657 0.628742817320241 0 0 1 NA
"307" 0 12.1120866129156 2.53158808648694 0.898867926756132 1 1 1 NA
"308" 0 2.69525149068005 6.41186737386654 0.780535160643869 1 0 0 2.47911434245676
"309" 0 1.59543762955763 3.28015544116913 0.108837379410495 0 1 1 NA
"310" 0 39.3396294162305 8.93600062120147 -1.81194349753728 0 1 1 NA
"311" 0 6.39123870588727 12.4212444776647 1.0491612032978 0 0 1 NA
"312" 0 4.48998413101726 3.61499637918356 0.821486926055192 0 1 1 NA
"313" 0 11.6211096258113 8.59099592701936 -0.868290580681593 1 0 0 6.88400360028419
"314" 0 2.50137533506043 10.5242785735618 1.11640748735065 0 1 0 1.8352386153805
"315" 0 2.65893538249117 2.93153021808837 0.23568358307551 0 1 1 NA
"316" 0 11.8528474907798 2.52333923518946 -0.0708530992070897 1 0 1 NA
"317" 0 5.65520785004454 8.19053147542681 -0.0778119202888903 0 0 0 3.60956014235368
"318" 0 17.7520251580506 0.58259699472691 -1.24181005446044 1 0 1 NA
"319" 0 7.83785488100131 1.95714266489245 1.80908515082546 0 1 0 1.49225472816569
"320" 0 6.89522573462739 7.24428523340754 -1.13694112841002 1 1 1 NA
"321" 0 3.16252609375139 6.94385017336395 -0.399983509271459 0 1 1 NA
"322" 0 7.18156857117865 5.60027197039373 0.592703554525296 1 0 1 NA
"323" 0 14.2975985433066 18.5479260482544 -0.896645659103115 0 0 1 NA
"324" 0 24.1846776707838 4.17405464121617 0.697996017758711 0 0 1 NA
"325" 0 5.68343208952298 0.399144234007558 1.90022500026258 1 0 1 NA
"326" 0 2.97575860351004 4.76251208373714 0.761781312086244 1 0 0 1.72304380770261
"327" 0 3.23603784523396 0.1826823651258 0.215748925179499 1 0 1 NA
"328" 0 0.869179159013757 2.80554852664864 0.508126583749066 0 1 1 NA
"329" 0 21.7745582781532 1.77061304448585 -1.67216501539363 1 0 1 NA
"330" 0 0.980055018643915 12.0893470162714 0.353025612467093 1 1 1 NA
"331" 0 7.14739248841771 15.1040623307903 0.988018269918611 0 0 1 NA
"332" 0 6.35574670339154 7.2620773906107 -0.318027562142661 1 1 0 4.50061886588729
"333" 0 9.56203763436975 4.16889086844852 0.59810787898172 0 0 1 NA
"334" 0 47.5783597193347 15.6673432493911 -1.31373953969242 0 0 1 NA
"335" 0 35.8416786261395 3.67347486181417 0.151389773198246 0 0 1 NA
"336" 0 10.0156134189233 42.7136200837638 -0.338654442484397 0 0 1 NA
"337" 0 13.4064194246311 1.20823762881515 -0.2725702583154 0 0 1 NA
"338" 0 4.2237479520383 31.6563585852116 -0.585075397074968 0 0 0 3.86396399134216
"339" 0 4.52670732794408 5.27390995996466 2.12430728667523 1 1 0 0.816228814413057
"340" 0 20.0315623489254 12.8201648568901 -0.922634345407687 0 0 1 NA
"341" 0 20.6375669574745 0.100840959190216 -0.786886186292015 0 0 1 NA
"342" 0 35.5158671440036 18.1658846148976 0.134382420465642 0 0 0 2.15238460950821
"343" 0 14.6739824765895 4.65069957996216 -1.2558516916975 1 0 1 NA
"344" 0 5.15370668300813 3.26292426406175 -0.278095142017241 1 1 1 NA
"345" 0 6.15953618261911 13.2729666728171 -0.846721965548096 1 1 1 NA
"346" 0 3.12981482386257 3.15730860562351 0.527416588450466 0 1 0 1.51609085398186
"347" 0 7.48034600509416 14.2030921228755 0.279509805367129 0 1 0 3.20423741839466
"348" 0 12.4943964724084 4.48416924604501 0.841918417155012 0 1 1 NA
"349" 0 17.7587372967046 12.2699157001842 -1.58295048110878 0 0 1 NA
"350" 0 10.5287799912124 1.74129160116726 -0.225362787703713 1 1 1 NA
"351" 0 1.92946328828625 9.79597085515834 1.22478177830468 0 0 0 1.73056237879548
"352" 0 2.51151509705469 0.472973544105014 0.229332265456384 0 0 1 NA
"353" 0 12.3704174850759 12.2006976118119 0.564378526380322 0 0 0 2.75772821224185
"354" 0 3.96950282378805 12.5293445970889 0.429020399403063 0 1 0 3.41877253972775
"355" 0 18.3226122951487 11.9770214992061 -1.41448983131085 0 0 0 5.12551672063225
"356" 0 2.1575579986129 4.52041514140761 0.267616613238888 0 1 0 0.53918106889494
"357" 0 4.99000278687741 4.14573556613071 -0.418645249831935 0 1 0 2.29842162127536
"358" 0 4.77626960947901 3.80033228452929 0.510232984290843 1 1 0 1.98554441995882
"359" 0 1.3086780456432 12.7562082819769 -0.586938609550869 1 0 1 NA
"360" 0 2.1080732306861 5.8609808806223 1.37568671109556 0 0 0 1.45498911863568
"361" 0 8.09959537614402 7.41847560967087 -2.02177733485761 1 0 1 NA
"362" 0 59.0679297307417 27.0175079108196 -0.165745490320627 0 0 1 NA
"363" 0 4.29543789564809 2.14226367003766 -0.347685515056048 1 1 1 NA
"364" 0 4.48240757047126 3.97781323609998 -0.100310446841864 1 0 1 NA
"365" 0 25.085182565395 10.0322726477556 0.567403491604532 0 0 1 NA
"366" 0 0.791700804988536 21.7828574834345 -0.456517270024764 0 0 1 NA
"367" 0 2.49546005532374 1.15585030630466 0.0136508758530051 0 0 1 NA
"368" 0 5.60199193636515 4.65554520685345 0.25940388723144 1 0 1 NA
"369" 0 8.08063828636238 6.0587666836063 0.665082128352022 0 0 1 NA
"370" 0 4.00278821980974 3.17377969256193 0.171298809553678 1 0 0 1.08537365924941
"371" 0 4.43828069267448 6.26932315417753 -0.960832270349362 1 1 0 2.75719132544661
"372" 0 5.92208947779081 5.57069260362074 -2.34720998960109 1 0 1 NA
"373" 0 8.06209473685607 14.0516497190185 0.941464600294268 0 1 0 1.11690944200857
"374" 0 3.53113738654558 6.13395872494891 0.686348507645163 0 0 1 NA
"375" 0 1.09387544635539 8.04905783920268 0.829453891349384 1 1 0 0.81694321442837
"376" 0 15.7978916752485 39.46989600064 1.18966645534755 0 1 0 0.269650047527554
"377" 0 25.136032388282 9.13182279681277 -0.223054048392453 0 1 1 NA
"378" 0 8.86667974198011 9.14768352492071 0.339863636368949 1 0 1 NA
"379" 0 0.472814933632098 12.8759909861143 -0.532284868470329 1 1 1 NA
"380" 0 4.83310340770568 8.65330344097378 -1.60900772469632 0 1 1 NA
"381" 0 13.0174621372331 6.94833276280143 -0.0366358983093387 0 1 1 NA
"382" 0 9.50233283585215 6.9598488817612 0.791488160887534 0 0 0 0.342591329554712
"383" 0 13.4461298110093 12.9796917594173 -1.41544021767518 1 0 1 NA
"384" 0 3.51316319625593 11.0961773519004 -0.281444014569575 1 0 1 NA
"385" 0 1.67112404167171 8.53483355337032 0.611940493466326 1 1 1 NA
"386" 0 3.69982848293124 6.89319012354979 2.1188176847997 1 0 0 1.22694433525689
"387" 0 11.7149387982567 12.1272555537007 -0.689039661378945 0 0 1 NA
"388" 0 7.07324709337042 7.83305713835459 -1.18127207023517 1 1 1 NA
"389" 0 16.8184775874443 0.647467306166301 0.624752372369943 1 0 1 NA
