"Z" "Y1" "Y0" "x1" "x2" "x3" "ID" "D"
"1" 1 2.61668007618461 4.96459430558304 0.434533477217177 1 0 1 NA
"2" 1 24.6562440405186 3.59457199654664 -0.391406749066822 0 0 1 NA
"3" 1 3.39520591985155 9.9002088981335 1.07189629505408 0 0 1 NA
"4" 1 19.4132267089165 14.134517470567 -0.391389201135011 0 0 1 NA
"5" 1 2.31377734057736 11.6484488585691 -0.208944625988446 0 0 0 1.72599464839484
"6" 1 3.21464351248036 5.18484290419241 0.843841498781937 1 0 1 NA
"7" 1 22.2587963710527 16.1642971748382 -0.664032381181858 0 0 1 NA
"8" 1 1.81403686568054 5.73389396836138 0.221868224603956 1 0 1 NA
"9" 1 11.6284070232187 2.87017528509614 -2.71282593623714 0 1 1 NA
"10" 1 11.0492640832563 1.04089565584938 -1.29047102528641 1 0 1 NA
"11" 1 4.26686807169509 6.54710214777592 1.79774852978551 0 0 0 0.855716435656372
"12" 1 18.4833038689513 2.58414517678427 -0.514604594935652 0 0 1 NA
"13" 1 2.75382187461111 15.424797232674 0.292469999063611 0 0 1 NA
"14" 1 24.5357037525162 0.0257227232741177 1.49355856429902 1 0 1 NA
"15" 1 4.02730532444556 3.64220645196348 0.0979951237846469 0 1 0 0.726282347450405
"16" 1 15.6027973811851 17.1703464744552 -1.99593059060027 1 0 1 NA
"17" 1 28.014302882871 2.30454552312058 -1.56433659036349 0 1 1 NA
"18" 1 4.39843833831797 3.45937762121336 -0.246196184014799 1 1 0 3.24789167130897
"19" 1 10.0873466325609 9.08150037988664 -0.287763880067596 0 1 1 NA
"20" 1 1.40617117991208 4.6043477081136 -1.45269894194718 1 1 1 NA
"21" 1 18.0977625039334 6.11322896550795 0.861299562160111 0 0 1 NA
"22" 1 37.0579715488488 9.18698166280795 -0.733071788515883 0 0 1 NA
"23" 1 16.612126874398 5.71720920968106 1.21095347439872 0 1 1 NA
"24" 1 3.78784941971332 0.886208591685629 -1.03735692521635 0 1 1 NA
"25" 1 12.9466122576415 2.15242943483932 -0.302841759594931 1 0 1 NA
"26" 1 6.19660302992285 12.3696596223189 -0.725274669857201 0 1 0 4.22747457426881
"27" 1 2.45297016775765 6.31886782100057 -0.311297456371371 1 1 1 NA
"28" 1 20.5827387387894 1.69938476531228 0.653391095418142 1 0 1 NA
"29" 1 9.57923600956296 7.28737477558821 -0.688274154254744 1 0 1 NA
"30" 1 29.2266878788468 30.2625455243513 -1.77187360032079 0 0 1 NA
"31" 1 4.99782636308676 6.03748049339843 0.552354826100744 0 0 0 3.57719528517976
"32" 1 14.0823400766744 21.2354116055712 -1.67708895615676 0 0 1 NA
"33" 1 10.4550980091896 1.13018890494712 -1.14255235822262 0 0 1 NA
"34" 1 0.737662625762424 0.206719214986696 -1.24486526297033 1 0 1 NA
"35" 1 26.1069965015242 23.737881908152 -0.949259562221637 0 0 1 NA
"36" 1 0.00694904321872194 0.486155097585779 0.489126293039837 0 1 1 NA
"37" 1 4.30865295143864 2.66861781481732 0.466100056462911 1 1 1 NA
"38" 1 37.2085194834097 11.4320184526894 -1.16709440161858 0 0 0 5.58982794063049
"39" 1 7.7022279979327 4.24816040733187 0.390057246245325 0 1 1 NA
"40" 1 2.43768223677994 9.07218306431178 0.361017960874821 0 0 1 NA
"41" 1 0.777053453241302 14.1909655760524 0.100176898657224 0 1 1 NA
"42" 1 8.4253263364894 4.59337242742567 -0.0319365486052526 0 0 0 4.06673766196743
"43" 1 8.459195557157 6.27787543331735 -0.945808462593604 1 0 1 NA
"44" 1 1.77176083160228 4.03079239284533 0.807450486567818 1 0 1 NA
"45" 1 17.6011682303398 6.94922225241222 0.416503160982235 0 0 0 2.52762614391514
"46" 1 2.33900061495668 8.81456523175122 0.995712666849516 1 1 0 0.663327328002504
"47" 1 11.437806638233 0.702025333141135 -0.324933767525083 1 1 1 NA
"48" 1 8.19874155244296 9.40361050309092 1.06578791800259 0 1 1 NA
"49" 1 18.6460819917477 18.2002517859702 -0.309361923172555 0 0 0 3.24834957460648
"50" 1 3.43218243344337 3.8202048342813 0.15793361295669 1 1 1 NA
"51" 1 1.05816180476141 9.94750110115742 -0.458721709160419 0 0 1 NA
"52" 1 4.53880085134235 0.804912555989678 0.100929003192444 1 1 1 NA
"53" 1 9.22817452546053 6.19374358079329 0.61590786074391 0 0 1 NA
"54" 1 5.75455991866077 11.8024577443088 0.399914721012419 0 0 1 NA
"55" 1 11.6862005371099 6.31294479879605 -0.237466461515529 1 0 0 2.13662219151454
"56" 1 3.07700129191374 1.50602029445449 1.22181212297556 0 0 0 1.29609605433518
"57" 1 1.13963713918086 7.73561850291845 0.240614578224883 1 0 1 NA
"58" 1 11.1496192955498 6.50840995610176 0.32384244249335 0 0 0 1.44090674528046
"59" 1 7.84106934968706 7.4921469302458 1.24867478034106 0 0 0 2.24501823820967
"60" 1 9.20507880796856 9.9272078462561 -0.258856629947387 0 0 1 NA
"61" 1 3.26981390480662 5.0779535026558 -0.827144095583774 1 0 1 NA
"62" 1 18.5088980066547 0.655482295370613 -0.60372572748014 0 0 1 NA
"63" 1 15.334422514373 6.50777816188419 0.0046324818596048 0 1 1 NA
"64" 1 26.1973196072552 3.38900825637005 -0.0642820857107277 0 1 0 2.56451841955211
"65" 1 22.3264501505207 18.4585567464998 0.312456399112712 0 0 0 2.92660549227506
"66" 1 3.77820322140536 5.70978717762763 0.174112156214918 1 0 0 2.05030683922609
"67" 1 14.952512197664 3.91454844504399 -0.758090534691519 1 1 0 0.955185197283497
"68" 1 7.59123941322257 7.1940528685362 0.407989305766517 1 1 1 NA
"69" 1 5.47146764663664 0.668554067186044 -1.03474620734576 0 1 1 NA
"70" 1 6.58664326155282 2.39969922924708 0.0595118162813412 0 1 1 NA
"71" 1 20.3010719806263 1.22333081267345 0.554844548992823 0 0 1 NA
"72" 1 2.03554189623733 1.08867317681025 -1.82913957245526 1 1 1 NA
"73" 1 5.67611699671668 3.95661534992838 1.22167297813142 1 0 0 2.35871069775963
"74" 1 8.51550805069127 2.33823165891061 0.938321049135825 0 0 0 2.07766484783999
"75" 1 5.56698027220917 0.14859260289956 -1.30933808982521 1 0 1 NA
"76" 1 9.70017772322497 4.97095218010892 -1.17764560400857 1 0 1 NA
"77" 1 5.44755407515438 4.97455292859203 1.41250017174666 0 0 1 NA
"78" 1 2.33599068967871 14.774405021706 0.975842367061306 0 0 1 NA
"79" 1 6.49475573068712 6.72397692075266 -0.72585175903356 0 0 0 1.88257426870851
"80" 1 3.68484964741524 8.81489937284408 1.24760068024167 0 0 1 NA
"81" 1 20.1703593572884 2.73481177460411 0.113605918434298 0 1 1 NA
"82" 1 9.52412436157648 3.6724108220552 0.796198383925849 1 1 0 1.91722433033662
"83" 1 12.63271802405 0.168626212030925 -0.592260052577983 1 1 1 NA
"84" 1 3.20725309448396 4.21682888910098 -1.80038482443754 1 1 1 NA
"85" 1 6.51999537533417 4.79038182137364 1.02591506100639 1 1 1 NA
"86" 1 12.8846315179395 23.9512282698464 -1.15020903251772 0 0 1 NA
"87" 1 7.07783621900988 2.88320012286982 -0.317470805229203 1 0 1 NA
"88" 1 10.772010868243 0.835987762084083 -0.166812294661963 1 0 1 NA
"89" 1 3.17390894014754 12.7732901318718 -0.267601408276311 0 0 1 NA
"90" 1 27.4517764634411 3.94665562789481 -0.750844329180313 0 1 1 NA
"91" 1 3.4806339390152 6.55691494260905 0.576945030437646 0 1 1 NA
"92" 1 19.6767951036647 2.2333908327652 -1.0495095201054 1 0 1 NA
"93" 1 6.50048173943087 2.01200412738186 0.00816965589237789 1 0 1 NA
"94" 1 3.00471505051587 4.52565024434884 0.506448437179354 0 0 1 NA
"95" 1 0.396317031442929 5.96436720929392 1.0141088129166 0 1 1 NA
"96" 1 12.7905911926449 16.9903092129164 0.488690149020697 0 0 0 3.98974480993107
"97" 1 12.8823419154316 9.17664196283026 -0.0622451991830971 0 0 1 NA
"98" 1 12.8039736359956 1.12975259002508 -0.687748693228805 1 0 1 NA
"99" 1 51.4051226390817 4.8144758194883 -1.23886246782156 1 0 1 NA
"100" 1 3.36902568974886 4.54072256991344 1.84224679712066 1 0 0 1.49914216920607
"101" 1 5.67957009514225 5.40815527799144 -0.250299989341758 1 0 0 2.06083904147851
"102" 1 11.748878377796 1.31084039014073 -0.552571953254304 1 0 1 NA
"103" 1 7.84544855803419 3.71457282765983 -0.68151613317785 0 0 1 NA
"104" 1 48.428699468791 7.87851105550147 0.960858839412061 0 0 0 0.883929960929239
"105" 1 2.33838313252288 37.3206935426187 -0.845928604842765 1 1 1 NA
"106" 1 6.18929838970084 2.04525684293033 1.68963089847571 1 0 0 1.92216731173048
"107" 1 3.4594630951014 17.8640380037278 2.41488805777192 0 0 0 2.22641089301178
"108" 1 12.6499753607537 7.75545134141062 0.204076578484515 1 0 0 0.729521325625711
"109" 1 3.67690563777317 1.29556862244751 -1.73387448120225 1 0 1 NA
"110" 1 4.28113637900877 15.1143932245394 -2.15080693980184 1 0 1 NA
"111" 1 0.501662818360681 1.81105346470845 -1.67336967217636 0 0 1 NA
"112" 1 34.3083203082783 12.8806246161622 -1.38579635018293 0 0 1 NA
"113" 1 6.42999356032047 6.74910213986889 1.76927681417612 1 0 1 NA
"114" 1 3.89140460991535 5.32941735715125 -0.347549569991297 1 0 0 2.82530292597341
"115" 1 9.30079496902763 2.52935606818939 -0.371576330147045 1 0 1 NA
"116" 1 5.07348158180502 4.04736486101313 1.21500374473617 0 0 0 1.94061775913312
"117" 1 3.98515942258396 0.275357022806933 0.134724614744334 0 1 1 NA
"118" 1 1.32955691007804 5.39386372919769 0.312345703443118 1 0 1 NA
"119" 1 21.724988674689 3.39429486893166 -1.61648021932724 1 0 1 NA
"120" 1 5.44545821128963 2.68145553280604 1.23857445670181 1 1 1 NA
"121" 1 19.4773241242342 2.18481355694581 -0.181257614036906 0 1 1 NA
"122" 1 13.108060469403 7.77293845780662 0.00269652253956431 1 0 1 NA
"123" 1 16.9263261249223 1.32851768601039 1.67057139702082 0 1 0 0.691606699195835
"124" 1 5.47829022704903 4.5209012788103 -1.03964709998718 1 0 0 3.88011377583016
"125" 1 3.31103103144439 10.7917368393959 1.38933937514024 1 0 0 2.01747358439752
"126" 1 0.267370641978373 6.40310081862407 0.520500938593309 0 1 1 NA
"127" 1 11.2842861519416 8.82449391190071 -1.36202236685257 0 0 1 NA
"128" 1 2.28096612802346 3.43300351337259 2.13568873123734 0 1 0 1.13803965908583
"129" 1 6.36231712335671 3.08418902595527 0.821609581265188 0 1 0 0.891849732430507
"130" 1 2.9616915281218 1.91203328187249 1.18136773508584 0 0 0 0.800178089922741
"131" 1 1.458381961896 1.32009387046794 -0.153359764446022 0 1 1 NA
"132" 1 7.41460846344795 3.40730952965984 -0.321509031464 0 1 0 1.7999954554119
"133" 1 7.15357873667863 5.50962746035737 1.50510005442077 1 1 0 1.91056940194667
"134" 1 4.09141253981534 7.09280296541333 0.615352603627539 0 0 1 NA
"135" 1 11.4758987466024 12.7078239827635 0.295679017330508 0 1 1 NA
"136" 1 6.77448699739571 6.61526642241039 -1.06889471278262 1 0 1 NA
"137" 1 9.53367174579889 14.5001966902007 0.426837211563185 0 0 0 2.1637758848057
"138" 1 10.0783192385503 11.2276128089084 -0.678116413654456 1 0 1 NA
"139" 1 3.32406190482861 1.63036528213924 0.742849947352264 0 0 1 NA
"140" 1 5.63673317828619 7.90040867252165 0.243102521154159 0 1 0 0.715683997190647
"141" 1 12.8330417447943 2.21837253719996 0.0847816848769748 1 1 1 NA
"142" 1 4.45835931582586 2.09654823868989 0.150340222359772 1 0 1 NA
"143" 1 8.00737547278752 24.6651832702061 1.54422142734807 0 1 0 0.438741520307084
"144" 1 5.00915311454166 2.7346452847324 -1.33050774055923 0 1 1 NA
"145" 1 6.24154902513481 3.41441611502545 0.0301845586145771 0 0 0 1.40093366619669
"146" 1 9.90512712740725 2.85607087937978 -0.353389486298754 1 0 1 NA
"147" 1 9.24108356249085 33.1910862699672 -1.50216436698924 0 0 1 NA
"148" 1 3.72887285779411 21.5455997412421 -1.15233752079517 0 0 0 2.4269782783138
"149" 1 18.2633184506504 3.73917895161057 -0.940175290995861 1 1 1 NA
"150" 1 3.82871640097746 6.39645850353556 0.563657578617274 0 0 0 1.42734821902857
"151" 1 9.48835804798223 16.8041046824907 -0.22689349443943 1 0 1 NA
"152" 1 5.80022328854629 8.65581518039697 -0.604942029005478 0 0 0 1.85169711552485
"153" 1 9.22273948221212 2.1778373808856 -1.01579538797234 1 0 1 NA
"154" 1 29.1583597882567 24.1367521271349 -0.231763716818455 0 0 1 NA
"155" 1 6.16020354237098 0.851413688721432 1.55472219752702 0 0 1 NA
"156" 1 0.217156291674912 36.2433248190144 -1.28581398524387 1 0 1 NA
"157" 1 6.9742370239654 6.97511487528032 -0.82795132596032 1 0 1 NA
"158" 1 7.07317226443582 11.3660445072744 0.218136697986732 1 0 1 NA
"159" 1 13.2324213394627 9.01563897293691 -0.881244912118767 0 0 1 NA
"160" 1 15.2861052445926 24.8426237147771 -0.30817422113796 0 0 1 NA
"161" 1 8.70511262773307 2.30925649846384 1.97541075290993 1 0 0 0.734966509173316
"162" 1 6.70740952598289 8.00734943832481 0.829404903226758 1 0 0 1.2271371669936
"163" 1 11.9860352948075 0.215017123835735 1.12489197757667 0 1 1 NA
"164" 1 3.19353545100579 4.62988015498178 -0.887201491419486 1 0 1 NA
"165" 1 31.2113816990824 3.13450447466637 0.901556065070601 0 0 0 0.208486903030003
"166" 1 21.1605629735363 1.43530354338778 -0.151908642831498 0 0 1 NA
"167" 1 3.626932184362 31.3492452181935 -0.772850690392596 0 0 1 NA
"168" 1 4.87067067529359 9.79998460521072 -0.463192003578254 1 0 0 3.18516434298521
"169" 1 11.1953764638807 8.3819214861134 0.602164697250987 0 1 0 0.734695046898899
"170" 1 7.91799046650422 5.56894071148827 1.97732300448172 1 0 0 1.67918576134955
"171" 1 4.98847535450552 0.628500202018808 0.62097505249145 1 0 0 0.440146507930235
"172" 1 21.49621704459 9.08869933717575 -0.738524261923066 1 0 1 NA
"173" 1 5.22639915525939 4.23013274190382 -1.0592098467363 0 0 1 NA
"174" 1 0.0183266425006167 0.837561688595665 0.853703633172629 0 1 1 NA
"175" 1 28.20998527731 15.1174524835328 0.541845279392291 0 1 1 NA
"176" 1 5.28755805278811 1.46538021543076 -0.0336865385053643 0 1 1 NA
"177" 1 9.92235030449547 6.97232900864415 0.0587903193605022 0 0 0 1.3021891206756
"178" 1 33.0212802454947 0.124749169912513 -0.0750162414857934 0 0 1 NA
"179" 1 2.69735880091227 3.62846111386317 1.01075115736708 1 0 0 0.953311912077333
"180" 1 13.6288896807073 0.0804393683117608 -0.650497962959449 1 0 1 NA
"181" 1 4.33473228739946 6.11801006574909 1.49404333770363 0 0 0 1.28669552070443
"182" 1 5.71435703645873 39.4912911251766 -1.18859507161247 0 1 1 NA
"183" 1 9.83799432448189 4.91345665874825 -1.04934231151934 1 0 0 3.45707805934808
"184" 1 16.7855388433338 8.42408662072746 1.72069179247468 0 0 1 NA
"185" 1 9.71244861132675 9.80497646014846 -0.932873841889711 0 0 0 6.24640658178827
"186" 1 17.5305511038048 1.4472879379274 0.218656972023116 1 0 1 NA
"187" 1 2.3596095031971 1.32569041821666 -0.916569800748319 1 1 1 NA
"188" 1 40.8286469996205 3.53485087737138 0.16001806481503 0 0 1 NA
"189" 1 4.70192534366388 10.2463354081738 0.682194653334985 0 0 0 3.1982307876842
"190" 1 0.783464317333509 9.78210906921611 0.741264142145367 0 1 1 NA
"191" 1 17.1909338705086 7.97598151781322 -1.4152556656184 1 0 1 NA
"192" 1 8.68311731770077 2.19027774263846 -1.65419557845635 1 1 1 NA
"193" 1 3.03845491298768 4.21416910701657 0.0507844781386382 1 1 0 1.41203708964813
"194" 1 21.6052209656965 5.0420284093949 0.882285638816226 0 0 1 NA
"195" 1 20.3860324754813 9.80431973249782 0.0349462691629234 0 0 1 NA
"196" 1 21.0107798610754 5.45799586042535 0.370996344387092 0 0 0 0.404465475124536
"197" 1 13.3491794397424 19.0975210217117 1.64538124559501 0 0 1 NA
"198" 1 19.4105889607047 7.93526618844801 -2.39768701899682 0 1 1 NA
"199" 1 5.97351883149611 2.83976748840137 -1.18681362516709 0 0 1 NA
"200" 1 8.97861057058814 4.90193333214476 0.475456662278225 1 0 1 NA
"201" 0 6.95100809145184 3.96833923109356 0.781734941124572 0 0 0 2.84095177604648
"202" 0 4.28726410553339 6.04829776432914 1.45385241588608 1 0 0 1.05002505706524
"203" 0 4.57177291151433 6.24786124217608 0.655498230825661 0 1 1 NA
"204" 0 3.52277657499618 3.95525834523584 -0.0504657421707553 1 0 0 2.56182151529895
"205" 0 3.19001400140556 10.8335238576531 1.54854748093065 0 1 0 1.90214543898201
"206" 0 2.99140589453021 5.57868576528881 0.350696611017838 0 1 0 1.92652782593082
"207" 0 24.0396845053663 2.02255444643089 1.17629644161998 0 1 1 NA
"208" 0 5.86422551797556 6.42770577411681 -0.183383922511941 1 0 0 4.20806702446727
"209" 0 2.83525062480621 1.516110163393 0.399810992836801 1 0 1 NA
"210" 0 3.29605967146425 1.29226195299443 -0.0545901926557365 1 1 1 NA
"211" 0 5.91891528871875 5.26593469607438 1.15650828606084 0 0 0 1.17683212809375
"212" 0 1.87648771142645 29.0071425679716 -0.790278972622691 1 0 1 NA
"213" 0 8.83909716497831 6.07495908554045 -0.760320570674809 1 0 0 1.97490666511339
"214" 0 6.24247911386718 19.0371718403269 -1.69682694219025 0 1 0 1.15305396845333
"215" 0 16.2433862142833 4.71266902558327 1.3798673835836 0 0 0 0.734002197000864
"216" 0 8.2209900770333 9.51907916304767 1.4628614953826 0 0 0 1.49152837184571
"217" 0 9.42937932578691 1.46013354930148 -0.634692289955316 1 0 1 NA
"218" 0 10.5658080711055 6.73889937655739 -0.0613038260823198 0 1 0 1.50023119128439
"219" 0 21.4986421884703 2.6949744918599 -0.813567264517675 0 0 1 NA
"220" 0 3.31539410918264 11.9859670687093 -0.767545231338844 1 0 1 NA
"221" 0 2.70554889741315 5.46293992653445 1.94401232464595 0 0 0 2.10355195908306
"222" 0 8.96669966755072 4.67693491648676 -0.10281583580976 0 1 0 0.0974809655911456
"223" 0 1.67073957118173 12.7298913299011 0.320883761128633 0 0 1 NA
"224" 0 6.20768927956162 3.35364288834467 -0.678955089072426 0 0 1 NA
"225" 0 5.0267692186175 11.7502154281807 -0.0938955178748174 1 0 0 1.90224838055952
"226" 0 16.3030987805197 9.98970956351183 -0.87681193934289 0 0 0 0.914690475515929
"227" 0 14.7330259330637 6.50885978284307 1.614271016725 0 1 1 NA
"228" 0 3.19330947895473 10.872608876181 1.9092889561947 1 0 0 1.87706770479693
"229" 0 5.2398818279251 4.97030129300214 1.19186754741595 0 0 0 1.42344970903859
"230" 0 10.7395393789754 4.80456991965805 -0.294823226586896 0 0 0 2.11827715989439
"231" 0 16.8848575048186 6.43125179143116 -0.876595165561105 0 0 1 NA
"232" 0 13.4956897120453 6.12154347752912 0.476353506288808 0 1 1 NA
"233" 0 8.83491802426235 14.4607602627426 -0.837536533505516 0 0 0 5.98194145384769
"234" 0 0.764597814424999 0.854015103369285 0.331737950795411 1 1 1 NA
"235" 0 3.36930507623673 1.14692948686756 1.34643309818854 1 0 1 NA
"236" 0 4.31917911291896 0.0988135616992278 1.57242161563179 0 0 1 NA
"237" 0 6.19040974849852 7.26354301478331 0.606240256933358 0 0 0 3.28997658853744
"238" 0 5.82906254694683 6.57786592438654 -0.41771710132071 1 0 1 NA
"239" 0 7.27031391183233 2.89876512470211 -0.587182946657188 0 0 1 NA
"240" 0 45.2409633494752 12.9613524084221 -0.870141505414587 0 0 1 NA
"241" 0 2.77751535286163 7.67781744057772 1.16190182515771 0 1 0 2.44199856461592
"242" 0 3.36698441004452 8.09224801397589 -0.84625316182057 1 1 1 NA
"243" 0 8.38742833226657 5.03801702194928 -0.890962878001349 0 0 0 0.991730342934169
"244" 0 16.9552154229234 5.81452030350475 1.7878246106482 0 0 0 1.30252814509075
"245" 0 2.25956460346488 3.0266987717942 0.446320228820482 1 1 1 NA
"246" 0 0.138851195132947 4.16292629500255 1.33587788964066 0 1 1 NA
"247" 0 12.7845476813754 18.3315622896524 -1.4624197598567 0 0 1 NA
"248" 0 16.7740600530644 7.76695025683503 -0.0386492571048092 1 0 1 NA
"249" 0 56.4683341080386 14.3548959056485 -2.12552075408662 0 0 1 NA
"250" 0 7.80265364858897 1.11526883030952 -0.182556524443963 1 1 1 NA
"251" 0 24.268172614848 5.8328439857043 -1.95667794830014 0 1 0 4.80835057533766
"252" 0 31.1062843130191 4.82356643070765 -1.35841728109353 0 0 1 NA
"253" 0 6.80010726249154 4.07145936177152 0.748912599080307 0 0 1 NA
"254" 0 2.12911652217194 0.366935387177831 0.437334587519306 0 1 1 NA
"255" 0 3.53389866533368 3.65107702878024 1.27987964510385 0 1 0 3.38041810990282
"256" 0 1.64197219391244 0.40744633684393 1.06378689747392 1 0 1 NA
"257" 0 22.5442305524963 3.7638609575721 0.157497301723405 0 0 1 NA
"258" 0 11.1086553446516 2.49777454858005 0.792370172302205 1 0 1 NA
"259" 0 3.91901141045531 6.87688236816666 0.0448603084334285 1 1 1 NA
"260" 0 0.747494200902233 0.268489227984055 -1.55569998356932 1 1 1 NA
"261" 0 0.571934819133278 3.97625377932781 -0.0213353151877036 1 1 1 NA
"262" 0 12.411647395944 4.23382114179432 0.267448956755229 0 1 1 NA
"263" 0 2.20996454948185 2.01246167046753 0.126098101485445 1 0 0 1.70248509670927
"264" 0 2.76978755659994 0.306273022059857 0.574220520374911 1 1 1 NA
"265" 0 0.928469317138317 1.90598680793715 0.789841658667615 1 1 1 NA
"266" 0 25.5136025434608 0.353664666395121 1.37167499848853 1 0 1 NA
"267" 0 10.5814073688248 1.29303243437844 1.32848096208737 0 1 1 NA
"268" 0 14.8523386313953 19.1897105761786 1.70095179604115 0 0 0 0.455046048523213
"269" 0 11.4278746661373 33.8760198237661 -0.430449408726504 0 0 1 NA
"270" 0 22.0107337860183 7.24451636758614 0.0845385677688522 0 0 1 NA
"271" 0 2.09346534920178 2.65019488188537 0.844925133954219 0 1 1 NA
"272" 0 1.6913254185875 0.537953607402003 1.85865515168634 1 0 1 NA
"273" 0 0.181685787108648 4.36626559187421 1.13622283290344 1 0 1 NA
"274" 0 4.31731793656829 2.75327938510145 0.772398148621783 1 0 1 NA
"275" 0 10.2898218041772 15.0364669197206 -0.301590523941406 0 1 1 NA
"276" 0 9.54757611705727 0.144958360875037 -0.0752303863757061 1 1 1 NA
"277" 0 4.60358963886448 7.65174522370428 -0.478073555028316 1 1 1 NA
"278" 0 6.18113799760215 24.4680712697916 -0.529121754621538 0 1 1 NA
"279" 0 5.8335121726653 2.70980178271595 -0.203275234944096 1 0 1 NA
"280" 0 6.85572803821487 0.906825155322951 -0.472612982123576 1 0 1 NA
"281" 0 5.14982681946665 0.86294390796674 -1.03992941679709 0 1 1 NA
"282" 0 0.419613788188822 2.27328792490322 -1.72212240807113 1 1 1 NA
"283" 0 7.21909763325581 5.43039724384995 0.0821083036258207 0 1 0 3.89094806992576
"284" 0 8.71812715789232 3.05219108332831 -1.30782414908704 1 0 1 NA
"285" 0 2.40926948821787 6.73354737077537 -0.695284680945007 1 0 1 NA
"286" 0 21.2313366157262 0.470530983891786 -2.71021843056752 1 0 1 NA
"287" 0 3.16189988997846 0.263958926614045 -0.919734555301903 0 1 1 NA
"288" 0 4.09235984277884 11.8890537021647 -0.405472282444982 1 1 0 0.381710270304473
"289" 0 11.4973224542917 3.71867421633792 -1.17808748979016 1 0 0 3.50190298085761
"290" 0 5.34036949615044 14.4923105344177 1.05416444517666 0 1 1 NA
"291" 0 26.2807501161426 10.496490509896 -0.371991533987611 0 0 1 NA
"292" 0 1.9615145534212 8.28924350432963 0.35780212007599 1 0 1 NA
"293" 0 11.4502362378409 2.43106554987311 -1.47684735058714 1 1 1 NA
"294" 0 7.72631532144064 10.7063319300403 1.66247632179752 0 0 0 1.54788323322262
"295" 0 13.9826253118221 0.24045143583788 -2.2185797001514 0 0 1 NA
"296" 0 12.0339224025807 0.960954090202044 -1.30877475027839 1 1 1 NA
"297" 0 4.67222155446663 2.85684993960387 0.583706638358023 0 0 0 2.13289554503741
"298" 0 13.7640907043244 6.38332265265214 -1.43072706151735 0 1 1 NA
"299" 0 4.66257405693126 4.33220877706377 0.90501962606827 0 1 0 0.788226223148377
"300" 0 8.33331236072624 0.688339945552078 0.627295985346457 1 0 1 NA
"301" 0 1.39807778274797 4.41194339097315 0.0280404427680013 0 0 1 NA
"302" 0 14.5433243977191 5.69826706187037 0.972429033451776 0 0 0 3.13080189045904
"303" 0 18.7417738408285 9.53163996369174 0.271836931901986 0 1 1 NA
"304" 0 11.3483448735629 0.410881324186827 -1.86374711020033 1 0 1 NA
"305" 0 28.7523500074482 8.16304338485713 -1.9647099894402 1 0 1 NA
"306" 0 8.15943644409383 15.4896278768907 -0.498537805999947 1 0 0 0.391759643449407
"307" 0 22.9455693514111 21.3464789017034 -1.09616396104824 0 0 1 NA
"308" 0 3.61016389320927 4.37012474750553 -0.183724063195793 0 1 1 NA
"309" 0 20.6036404404096 4.06521986768955 -0.466953111179276 0 1 0 0.819118716274281
"310" 0 2.98432766391055 9.46747846129452 1.01154233079193 1 0 1 NA
"311" 0 3.77976095474443 3.99603439222444 -1.6532454750417 1 1 1 NA
"312" 0 4.12072422844788 8.90727007328944 1.00599767192199 1 1 1 NA
"313" 0 13.3573576679704 7.23576132653416 -0.639859537567424 0 0 1 NA
"314" 0 7.7463001755038 2.8250389047647 -1.59967989052077 1 0 1 NA
"315" 0 9.06242478299863 0.490714185116021 0.555061750081051 0 1 1 NA
"316" 0 3.66914883920982 1.28895144155068 0.307293545358528 1 1 1 NA
"317" 0 2.93546484964223 12.79932214408 0.613031020647284 1 0 1 NA
"318" 0 10.6583205883575 17.3959568243435 1.74846106693815 0 0 1 NA
"319" 0 7.79040200407769 2.01511536126251 0.236787869325835 0 0 1 NA
"320" 0 1.0038018296966 21.5388041796894 0.877967854740007 0 1 1 NA
"321" 0 6.91429801023133 3.1304352522141 -0.579466290381003 0 1 1 NA
"322" 0 9.34634628464792 23.9212545423702 -0.634778620266297 0 0 1 NA
"323" 0 2.6778590739693 5.56087131139249 -0.285423907242948 1 1 1 NA
"324" 0 4.30864996319042 5.22140294617284 -0.0411371204714414 1 1 0 2.58634068188024
"325" 0 1.72768277653532 4.71984008039124 1.51987051549934 0 1 1 NA
"326" 0 2.28811552925801 2.01914692239895 0.139179101790829 0 1 1 NA
"327" 0 0.270605002770564 12.1633089833645 0.481774022125475 1 0 1 NA
"328" 0 1.03664202533171 1.39630619687568 -0.671098810693445 1 0 0 0.927587327649163
"329" 0 6.94291382301391 2.43332304087006 0.147736546451627 1 1 1 NA
"330" 0 4.65447953514336 1.41208291717171 -0.194656350453197 1 0 1 NA
"331" 0 4.97935606469364 1.20739635371263 0.902339793013172 0 0 1 NA
"332" 0 2.70617526823566 4.42696045448363 2.33240286027725 0 1 0 0.963694595503645
"333" 0 3.52123547817139 0.939753770186397 0.72363972590276 1 0 1 NA
"334" 0 16.0868703668019 1.12291884337859 0.488089036770678 0 0 0 0.949976290568077
"335" 0 10.1189300573606 4.96980648283056 0.587299113489351 0 0 1 NA
"336" 0 2.27313907281388 10.4149230153449 -0.481272728659188 1 0 1 NA
"337" 0 16.3910338440399 3.57159539134036 -1.12788797391334 1 1 1 NA
"338" 0 12.0756114924216 1.79821375094316 0.839685120897605 1 0 1 NA
"339" 0 2.21854779936781 0.445867619334464 -0.846039555061291 1 0 1 NA
"340" 0 11.1976262344364 62.8144085122187 -0.869134402748241 0 0 1 NA
"341" 0 0.837606659153473 4.20035161602133 -0.650056460160708 0 0 1 NA
"342" 0 4.85202587810048 5.93224560179295 -1.39534276014475 1 0 1 NA
"343" 0 2.29552939360106 19.9237958302337 -0.697877515369126 0 0 1 NA
"344" 0 4.53504960118203 1.6680799716047 -0.13339173488877 1 1 1 NA
"345" 0 5.43590446017448 0.942047577795373 0.0645015724671911 1 0 1 NA
"346" 0 9.06012557839189 1.86205696790745 -1.07433543148086 1 1 1 NA
"347" 0 15.1392454409235 3.7321218633747 2.32060285430713 1 0 1 NA
"348" 0 5.9467243156336 1.77417789455073 0.547881124745239 1 1 0 1.03636714844879
"349" 0 5.39504980676444 4.66085578379937 1.05202163744471 1 0 0 1.55830957040395
"350" 0 0.594956193520964 4.26798793515125 -0.524084223297005 0 0 1 NA
"351" 0 7.02245933008373 17.6799978566545 0.838035491588436 0 0 1 NA
"352" 0 7.86426774187512 10.4026533930619 -1.34671462771473 1 0 1 NA
"353" 0 15.7767210915788 1.37620708461559 -0.380352472956082 1 0 1 NA
"354" 0 3.79786308578319 8.22192690786394 -1.12932857532712 1 0 1 NA
"355" 0 26.5757301335622 2.08374808545445 0.671219195344865 0 0 1 NA
"356" 0 9.17572916493132 5.58288734915172 0.467739657045961 1 0 0 4.41409296093693
"357" 0 9.33269453651012 1.24678431958042 2.30591429786869 0 0 0 0.965263500259464
"358" 0 2.70497616013435 1.47990900793948 -0.275320939998608 1 0 0 1.14274082457309
"359" 0 7.74190071528356 11.1324709416468 0.248070511577046 0 0 0 2.88211247248134
"360" 0 3.86420438676421 1.0217074417786 0.140966536467472 0 1 1 NA
"361" 0 6.08464444204415 3.88152571796378 -0.00422427292103572 1 1 1 NA
"362" 0 53.7420164837119 4.46845664417884 -0.160079375690872 0 0 1 NA
"363" 0 9.90078955926634 15.0133666949437 -0.858975399175349 1 0 0 4.15466799089224
"364" 0 1.9915784521056 0.865873075060929 -0.711239233733798 0 1 1 NA
"365" 0 2.70740381258027 1.89128529642749 -0.849717944012936 1 0 1 NA
"366" 0 1.21325783251262 3.65408861258113 0.276065786232421 1 1 1 NA
"367" 0 0.395853775567223 3.57452036874735 0.402243532577917 1 1 1 NA
"368" 0 10.3415813183507 2.09569010873402 1.81484305763333 1 0 0 0.420102921543621
"369" 0 8.25211710622486 0.564607686868832 -0.675323363043059 0 1 1 NA
"370" 0 3.2516774636634 9.01744387382501 0.11387983378692 1 0 1 NA
"371" 0 4.82595829580353 7.51471772236211 -0.343694198242533 1 1 1 NA
"372" 0 6.44992720648698 0.117166866208453 -0.0311277041617996 1 1 1 NA
"373" 0 10.5368182224233 10.8632547587706 0.386199677217514 0 1 0 3.61042460214538
"374" 0 6.69690722698572 4.18874089933688 -0.150148424694611 1 0 1 NA
"375" 0 15.0976342769534 0.376951216783547 0.936299634898483 1 0 1 NA
"376" 0 13.8451855002324 5.00193905164741 0.833982154067886 1 1 1 NA
"377" 0 7.00990742680754 4.05211491612482 -1.49261615867953 0 1 1 NA
"378" 0 4.48076027312769 14.7354711667056 0.384636534090211 0 0 1 NA
"379" 0 22.6564814871004 10.7696481450948 -0.142714769912574 0 0 0 4.66038408389693
"380" 0 6.69001290597951 10.4916571250371 1.24962825491983 1 0 1 NA
"381" 0 9.00976328819972 0.899257489966658 -1.08088552883918 1 0 1 NA
"382" 0 3.74821314601208 26.6964409756669 -1.3586671527079 0 0 1 NA
"383" 0 6.76753257302283 0.820991536084942 -0.0257665949984379 1 0 1 NA
"384" 0 3.63808548890087 3.09183170932829 0.754593067022251 0 0 0 1.53208230246022
"385" 0 6.5291524200083 4.49557169024581 -0.346597369084735 0 1 0 2.34965349580379
"386" 0 12.8387018353921 2.34052518371565 0.481850467802625 1 0 1 NA
"387" 0 2.94110336808294 1.12242960969387 -0.543108294034673 1 0 1 NA
"388" 0 4.12852582166295 3.78223548939635 0.287703305553738 1 1 1 NA
"389" 0 21.3657683489621 2.98147190244051 1.68663326207865 1 0 1 NA
