"Z" "Y1" "Y0" "x1" "x2" "x3" "ID" "D"
"1" 1 25.106920149119 10.7597647848817 -0.186756360399517 0 0 0 1.44942761737983
"2" 1 28.4561108696303 1.79788385434377 -0.167759318409606 1 0 1 NA
"3" 1 0.605126055641435 2.79111876251765 0.995343236811617 0 1 1 NA
"4" 1 6.60754381557284 16.8529546082353 -0.450195625300617 0 0 1 NA
"5" 1 23.2269649929682 2.24677189357862 -2.13003386517735 1 0 0 0.532081944039025
"6" 1 7.19848059775 21.8344877226876 -1.3014866424976 0 1 1 NA
"7" 1 25.1455255651571 1.03688858836762 0.342304229388933 0 1 1 NA
"8" 1 2.22894433021707 7.05094570645362 1.75276784366645 1 0 0 1.02925324526493
"9" 1 6.1331102733366 1.23135608892479 -0.144626093589421 1 1 0 2.08781523081154
"10" 1 12.0335605365954 3.81651586174845 0.851660094216469 0 0 0 2.72112485152462
"11" 1 4.0607003684107 20.3899864555413 0.943909564759133 0 1 0 0.614144064946004
"12" 1 5.87286547900989 1.7554253367147 1.91059706221511 1 0 0 2.09022870984872
"13" 1 6.95106849034707 8.56406381916269 -0.491939415002481 1 0 1 NA
"14" 1 20.7268368097073 0.391516451608332 0.369714867933647 1 0 0 1.67904595632224
"15" 1 0.455600882986453 2.86784648075801 0.765907507306136 1 0 1 NA
"16" 1 24.9775018284414 10.7429521077242 1.06130517186119 0 0 1 NA
"17" 1 4.52316119885196 0.0965053436605365 -1.16075324654298 1 1 1 NA
"18" 1 4.18368787070077 1.15053071929632 1.01360077741127 1 0 1 NA
"19" 1 7.80199936985771 5.13302049811567 1.00220294983901 0 0 1 NA
"20" 1 7.46093542189511 1.65540705091073 -0.621550832811852 0 1 1 NA
"21" 1 14.5559043233304 15.1515460781437 -1.42517224239077 0 0 1 NA
"22" 1 16.24127487907 1.16404519151718 -1.29267241103706 1 0 1 NA
"23" 1 8.89163867728198 2.47889949177422 -0.609833326402381 0 0 0 7.3114172439752
"24" 1 31.7186516426547 4.462627988866 -0.960425937113928 0 1 1 NA
"25" 1 1.94295484017326 0.659119636574965 -0.567944152761647 1 1 1 NA
"26" 1 27.3192804129299 15.4343918243033 -0.470787553755258 0 0 0 1.9876158301602
"27" 1 7.62460477455362 7.35367398544139 -0.579049052518866 1 0 1 NA
"28" 1 2.46992531377213 2.58942207276419 0.459299498874629 0 0 1 NA
"29" 1 1.4494680113342 10.2114677707638 0.672160857398707 0 0 1 NA
"30" 1 42.606724171978 4.57273495859346 -1.16518833081711 0 0 0 3.62754780364731
"31" 1 6.07554462511372 17.8172900315794 -0.892331253259582 1 0 0 3.18533302149255
"32" 1 37.3238952710104 4.20305000543453 1.10183359419951 0 0 0 1.41970444196024
"33" 1 17.5373322423181 11.3929282086109 0.96868158447106 0 0 1 NA
"34" 1 10.0224455571817 9.05648872525686 -0.820431865066105 0 1 0 4.74764954864107
"35" 1 11.9698140097388 2.66156568604672 -0.188709300639443 1 0 1 NA
"36" 1 7.84462090212643 2.47596725481224 -0.150285206289291 0 1 0 0.979862325543069
"37" 1 0.728827467585577 2.2865945842495 1.72057754584004 1 1 1 NA
"38" 1 1.80383406545272 1.73970205789785 0.759479689994147 1 0 1 NA
"39" 1 7.95669965559541 2.55426799654374 -0.698837093826062 0 1 0 3.85389977678612
"40" 1 4.97062038910539 1.78057415598916 0.448462262672367 0 1 1 NA
"41" 1 17.3139146610669 18.3445341326829 -0.0660397375089709 0 1 1 NA
"42" 1 2.18175792090111 0.311616684906884 -1.09721266355894 1 1 1 NA
"43" 1 1.46556866420151 2.14539924169295 -0.0407634260945045 1 1 0 1.2362695514994
"44" 1 6.03916174822628 0.267883850599841 2.47814063339708 0 0 1 NA
"45" 1 11.0288285133104 3.97144999024004 0.155654452353389 0 1 1 NA
"46" 1 12.1345280794729 37.7392179434569 -0.826558786370541 0 1 1 NA
"47" 1 4.86127895652479 3.54758827496926 -0.310791378161833 1 0 0 3.1566573349498
"48" 1 4.01802909426855 15.7244987140716 -1.43289213476211 0 0 1 NA
"49" 1 10.1377157060235 6.37659294968369 0.613635869774793 0 0 1 NA
"50" 1 14.5255743502105 10.0897618334047 1.83996063824536 0 1 0 0.51527366751678
"51" 1 9.70113760126342 6.48230212195372 -0.316950365196161 0 1 1 NA
"52" 1 26.7965184850477 6.18175351823296 -0.776815326255089 0 0 1 NA
"53" 1 0.885099779514569 9.64336211210712 0.662727814923806 1 0 1 NA
"54" 1 11.8669142851667 12.0838475606999 -1.17295137614524 1 0 1 NA
"55" 1 6.79118726614923 0.220383946485373 2.64951489991861 0 0 1 NA
"56" 1 7.23773640543964 16.3474356682874 0.361818335617295 0 0 1 NA
"57" 1 8.39065960556962 11.6309805981153 0.631647718543496 0 0 0 2.39404332450899
"58" 1 0.783092865945178 1.45315394768001 -0.217146164469335 1 1 1 NA
"59" 1 17.1335405980331 11.4895981485299 -0.49344755902852 1 0 1 NA
"60" 1 6.30320003287343 3.1885782547639 -0.587723988448588 1 0 1 NA
"61" 1 2.80405181104155 8.3778133264601 0.527363721776442 1 0 1 NA
"62" 1 8.8480182816298 20.7143478024848 -2.1995435890836 0 0 1 NA
"63" 1 14.870401638328 9.64787391910976 0.394476669920911 0 0 0 0.860590865293647
"64" 1 9.3028519572174 2.0948638446902 -1.41970129248025 0 1 1 NA
"65" 1 11.784079480615 11.7398517572249 -0.981014448985747 1 0 0 3.36695051149416
"66" 1 20.1142569034157 1.18868773332021 1.21092096937718 0 0 0 1.56206239942342
"67" 1 4.95704776488794 25.5282630867334 -1.40545310432473 1 0 1 NA
"68" 1 7.49456227365103 3.73791056184878 0.915687563263 0 0 1 NA
"69" 1 19.7797908604829 1.54722308424538 0.288621123608 1 0 1 NA
"70" 1 2.39405132549732 1.10012251512029 0.603088290598822 1 1 0 0.571422943726416
"71" 1 1.09423867282392 0.112862757847755 0.903672647398387 1 1 1 NA
"72" 1 13.7407822368382 6.86400815471057 1.11368738361459 1 0 0 1.83673978880056
"73" 1 22.1095899942427 5.62549798133908 -1.21497275687255 1 0 0 3.70612364030322
"74" 1 7.20529418742301 10.7698717724032 -1.0546385315247 1 0 1 NA
"75" 1 12.0895242640402 0.182082112238505 0.352183884687226 1 0 1 NA
"76" 1 5.33479000859917 2.79883590629474 1.18712177297601 0 0 0 2.66185287026592
"77" 1 11.1403402389414 1.10832877005165 1.53605904694759 0 1 0 2.13133509331925
"78" 1 7.96541659220918 29.2621249933898 -0.677744348208948 0 0 0 0.664314930386968
"79" 1 11.3837555374235 10.2792466503087 0.977654678703335 0 0 1 NA
"80" 1 10.3372387932185 0.115440648926749 0.150432630649372 1 1 1 NA
"81" 1 11.3839015103435 2.61742683478097 1.86590544560028 0 0 0 1.63783274432964
"82" 1 7.38081663639566 11.308493274626 -0.918264133267293 1 0 1 NA
"83" 1 4.1334947858679 3.67209461416161 -0.0842285812921076 0 1 1 NA
"84" 1 5.09856472264511 1.92730100918636 0.99193754610871 0 0 1 NA
"85" 1 9.6982146332963 9.23257351707943 -0.451696534432796 0 0 1 NA
"86" 1 19.8954413102698 15.2364767710905 0.762046643249043 1 0 0 0.415833978045241
"87" 1 4.36322385059772 5.16333098664468 -0.801009454861931 0 0 0 2.45221995129672
"88" 1 3.8784446382183 5.83173198333969 0.25393039924006 0 1 0 0.426300982799453
"89" 1 12.5740809738388 2.47953926981115 1.52116645119471 0 0 1 NA
"90" 1 5.04000474191159 1.9582376987355 -0.30583040202449 0 1 0 4.51450626342289
"91" 1 11.1525199183947 5.5924859164692 -0.652857480402476 0 0 0 1.02490271294787
"92" 1 3.92531683310442 1.62438139758336 0.614115141909526 0 1 1 NA
"93" 1 24.2969385397017 4.95338015890966 -0.983967801422026 1 0 1 NA
"94" 1 0.373934909188497 0.016250077886941 -1.47630508788876 1 1 1 NA
"95" 1 4.48762603705542 6.52487555571725 1.44455724347505 0 1 0 1.34830668698087
"96" 1 3.97026149700194 5.4857654027611 0.554359502636495 0 0 0 2.72155105355384
"97" 1 2.00286823670269 0.374088795782343 1.68768844710198 1 1 0 0.945020955108064
"98" 1 5.6220925354533 9.10067948120395 0.675552628086189 1 0 0 1.74868848983829
"99" 1 1.36158519008721 6.42415138217032 -1.05212448302822 1 1 1 NA
"100" 1 41.1359648101026 6.54551289450014 -1.41088477403328 0 0 1 NA
"101" 1 12.5677913099214 6.71131064048963 0.352157195852876 0 0 0 1.91360638720916
"102" 1 3.63150347720004 0.220881832053127 -0.00210233720045157 1 1 1 NA
"103" 1 18.0375483160335 3.45893256897327 -0.917750842924584 0 1 1 NA
"104" 1 11.0993963669718 3.10395750519107 0.537231414059272 1 1 1 NA
"105" 1 1.0352172116453 8.25690837670446 -0.431988045165297 1 0 1 NA
"106" 1 33.0318028814791 0.809448316108107 0.861811630114962 0 0 1 NA
"107" 1 9.63627358883073 6.36477945943459 -0.136181675994405 0 0 1 NA
"108" 1 15.8077512289264 6.99195153815699 -0.22974745368748 0 1 0 6.14226103574938
"109" 1 4.39494556729269 14.1510961346464 1.38613621854775 0 1 0 0.252770372307359
"110" 1 15.9506477687418 1.11735640233044 -1.20348734604937 1 0 1 NA
"111" 1 1.64029153436837 4.74002512073002 0.291642347418092 0 0 1 NA
"112" 1 3.5814447393112 6.1860521313383 -0.701821697684175 1 1 1 NA
"113" 1 8.56826329852773 2.40926805626797 0.433276644142492 0 0 0 2.05607877620251
"114" 1 12.8110155272078 1.25451901382821 0.575575947306476 1 0 0 2.09731364059413
"115" 1 5.30420271056295 24.2566120893645 0.805394098716088 1 0 0 1.80850447594211
"116" 1 3.10160239167415 13.9462727844375 -0.180121183142948 0 0 1 NA
"117" 1 7.16601832840462 0.202215829038909 -0.0827772564768397 1 0 1 NA
"118" 1 3.0780147425918 10.539518690068 -1.27174965736255 1 0 1 NA
"119" 1 20.9806000064697 12.5563272901532 -0.606836106244265 1 0 1 NA
"120" 1 38.7550199546636 14.692134919566 -1.67133783960062 0 0 0 3.70184330831899
"121" 1 3.23813640303328 4.69018431694332 -1.28457118630646 1 1 1 NA
"122" 1 3.10152703092666 1.30370299486996 1.10304346115023 1 0 1 NA
"123" 1 5.14662742826197 6.24705449362089 2.1686287111744 0 1 0 1.18882651474015
"124" 1 13.6240713961333 17.8680175346382 0.123321137137287 0 0 0 1.6957393510041
"125" 1 4.87256709108388 8.41315453865653 -1.30507112276834 1 0 1 NA
"126" 1 16.8540907203788 0.389485072532546 1.71004271269929 0 1 1 NA
"127" 1 2.9395137407747 0.450509056080365 1.62621849388302 0 1 0 0.706514924344194
"128" 1 4.3136718289103 1.03755989897785 0.533592484859691 1 0 1 NA
"129" 1 4.17601365871626 0.50171563532598 0.692270916253779 1 1 1 NA
"130" 1 16.1250762460282 5.626421691866 0.0993839469591524 0 0 0 2.03261303457699
"131" 1 11.1993710145801 9.73658924844811 -0.907405557198514 0 0 1 NA
"132" 1 9.14096451232837 6.2480475403289 1.39702420657714 0 0 0 1.37604359870401
"133" 1 3.60049302420508 3.12951846717538 -0.194318649773501 1 0 1 NA
"134" 1 14.9243826120566 0.718854853829383 -0.459736654168828 0 1 0 1.74741959412258
"135" 1 8.24158067559871 3.14184939662484 -0.0863923121498384 1 0 1 NA
"136" 1 7.68839581362692 0.770962080153362 0.376976157730281 1 1 1 NA
"137" 1 37.0637666175626 0.914813341153044 1.02323874412114 0 0 0 1.93394438205675
"138" 1 9.62495392478174 0.0183375080457094 -0.713186782817469 1 0 1 NA
"139" 1 2.6261930683366 5.09537895692147 -1.09714003171441 1 1 1 NA
"140" 1 18.0920653514083 27.7511033833354 0.276035198415554 0 0 1 NA
"141" 1 4.19497371077581 2.22998986129858 0.542944401666326 1 1 1 NA
"142" 1 2.2447790490739 9.22228149062395 1.47674370723786 1 0 1 NA
"143" 1 3.0750241699708 3.76962463028973 0.579065463098781 1 1 1 NA
"144" 1 0.447444449290533 3.8322064595136 1.68775245113346 1 0 1 NA
"145" 1 2.33847934937381 0.461943292600614 -1.32121574039946 1 1 1 NA
"146" 1 11.8371760133614 1.71716522993777 -0.295292395899146 1 0 1 NA
"147" 1 13.4695756801057 7.12368887071949 -0.59818064709363 0 0 1 NA
"148" 1 2.14671583805841 6.99690096161182 -0.464108025152958 1 0 1 NA
"149" 1 5.21710651072367 32.2577293562963 0.125680643887081 0 0 1 NA
"150" 1 14.5644119526787 6.10672933469538 -1.60743907984648 0 0 0 10.4877992954995
"151" 1 4.60291201314053 2.50526656250244 -0.862874545133476 0 1 1 NA
"152" 1 9.84546047693373 14.0465883202839 0.720985930173915 0 0 1 NA
"153" 1 6.49433094640552 0.404683225544136 -0.459934786364756 0 1 1 NA
"154" 1 4.40259094334829 3.32488956199329 -0.401909926412107 1 0 1 NA
"155" 1 6.89518434678435 4.63857958795696 0.592516901509962 0 1 1 NA
"156" 1 16.6762748078409 6.01922226944219 -0.120463220077721 0 0 1 NA
"157" 1 2.02082654199379 0.358477569224038 2.08585796072257 1 1 0 1.34066370223443
"158" 1 3.05944778620731 3.07140377962284 -0.369946483921628 1 1 1 NA
"159" 1 18.1393971865431 5.38138154127709 0.750951957650006 0 0 0 3.5149188758656
"160" 1 1.65919283293211 6.09687552409798 0.081891850128009 0 1 1 NA
"161" 1 21.4058549148156 0.132432667397543 -0.686207076799368 1 0 1 NA
"162" 1 4.19635294011446 19.1694799174434 -0.0180083914592542 0 0 1 NA
"163" 1 15.6356244091795 5.06101310646113 -0.0359486288878045 0 1 1 NA
"164" 1 5.29458634750618 14.6119622921872 -1.48435002727085 0 0 0 1.81039100955104
"165" 1 11.3784223628604 17.1757379875282 -1.02719454328338 0 0 1 NA
"166" 1 6.74886743176225 8.11206756387295 -0.602439427148801 1 1 1 NA
"167" 1 4.29209465956962 11.7271474674087 0.780956970847866 0 0 0 4.12134525413229
"168" 1 8.28672590153395 13.9916166582496 -0.493232908210121 1 0 1 NA
"169" 1 18.7407700891648 5.06156146639651 -1.23824201402179 1 0 0 0.958173258502738
"170" 1 11.5698767897887 1.48930952798664 0.523074001505654 0 0 1 NA
"171" 1 4.86885687803113 9.87594808366322 1.87575823789597 0 0 1 NA
"172" 1 3.80072862037065 11.0916942976486 0.482361369407046 1 0 1 NA
"173" 1 5.61320605353121 18.9105920647866 0.777681716002912 0 0 1 NA
"174" 1 4.18540947953367 5.7036660146874 -0.535273951860835 1 0 1 NA
"175" 1 4.48829605208919 3.55007132009347 1.00687058702944 1 0 1 NA
"176" 1 6.58764054813952 2.65523668028191 0.504316259469857 1 0 0 1.90342326963596
"177" 1 6.17321414375639 3.72966797418068 -0.0264838992661399 1 0 1 NA
"178" 1 19.933478159723 7.09467735767754 0.0954539049682758 1 0 1 NA
"179" 1 12.3023970944012 10.2537676257456 -0.838047451688485 1 1 0 0.288024920983983
"180" 1 2.77490174499546 0.590186217822498 1.80983659915499 1 1 1 NA
"181" 1 7.95961445440792 15.1876719964525 0.282685790290607 0 0 0 1.86762501473087
"182" 1 5.71943391912027 9.15792762016261 0.190127430393192 1 1 1 NA
"183" 1 9.78766882351345 8.10531417672173 -2.13369523688332 0 0 1 NA
"184" 1 1.4779956630845 11.439923773297 0.0883858319035861 0 1 1 NA
"185" 1 11.37686066155 5.21197169736226 0.0839552366370179 1 0 1 NA
"186" 1 4.59456196085965 20.5524250564252 -0.821826527287869 1 0 1 NA
"187" 1 2.24474166970058 7.58033495493147 0.0111709336072602 1 1 1 NA
"188" 1 31.8630908885781 6.71701015219081 -1.7363943344457 1 0 1 NA
"189" 1 4.80333249208763 17.0673481859017 1.89852829156846 0 0 0 1.2100991696705
"190" 1 11.6057138036755 0.425198348605823 0.915199950695024 0 0 1 NA
"191" 1 7.5081818919695 1.23145199181061 0.328838737220518 0 0 1 NA
"192" 1 6.13678421897955 0.268986721905889 1.30711148448329 1 0 0 2.06676728957712
"193" 1 3.04251795483701 12.5838972682706 0.812537884241237 0 0 0 1.17815122482728
"194" 1 14.5979961948259 5.96442420369609 0.914117736936524 1 0 0 1.58040149776581
"195" 1 5.55200274401813 3.54114591323097 -0.542572008479137 0 0 0 1.77466102780133
"196" 1 2.09739573208813 26.6801753420479 0.695428014867197 0 0 0 1.23220554039862
"197" 1 0.450665339422314 4.76113292842278 0.666523875897535 1 0 1 NA
"198" 1 5.24721485774541 3.39692413399683 -0.109963830851675 0 0 1 NA
"199" 1 27.3930868863001 2.16019854402652 -0.0814251347703127 0 0 0 2.72995101043463
"200" 1 9.6491405256727 7.06325410203472 1.46225952777771 0 0 1 NA
"201" 0 12.1513503919493 1.46370965156475 0.34131609827998 0 0 0 1.00279562416432
"202" 0 1.33231180593745 0.20267669215045 2.05979755073345 1 1 0 1.31478285900699
"203" 0 19.8695065523336 1.07620319766236 -0.213513144852132 0 0 0 1.20444925933358
"204" 0 5.14112640041282 7.80734736426116 0.0380468934872458 0 0 1 NA
"205" 0 10.2115632271294 4.04232297840032 0.865964033579979 1 0 0 0.84409523001541
"206" 0 16.2016733816683 15.2665986941428 0.264202810271657 1 0 1 NA
"207" 0 11.7732045966498 5.9262742679696 -0.430069053365251 0 0 1 NA
"208" 0 2.45043446158224 1.27950031924835 -0.668670746481492 1 1 1 NA
"209" 0 8.50843704466475 0.367472788749837 1.10967479640602 1 0 0 2.10521548289657
"210" 0 18.7245794993042 7.98323974583934 0.434942662888566 0 1 1 NA
"211" 0 11.3359477287637 2.95816016960154 -0.333911191397293 1 1 1 NA
"212" 0 2.5465297600286 1.02375871009865 -0.994990183821023 1 1 1 NA
"213" 0 5.67737758524603 10.0698589556204 -0.112177605138586 0 0 1 NA
"214" 0 1.50710429740275 3.18085178103887 0.899199882888612 1 0 1 NA
"215" 0 22.6482067047278 23.8685831976028 -1.12784175593636 0 0 1 NA
"216" 0 21.3754876859976 25.0251953239963 -0.460286652521964 0 0 0 1.06528876206708
"217" 0 18.2074775136825 4.94193746399429 2.61547311032968 0 0 0 0.804122737233894
"218" 0 11.3164421081705 19.2731806788124 -0.153216059025055 0 1 1 NA
"219" 0 10.8405683679918 3.4417081286924 0.858388893262916 0 0 0 2.60263952206139
"220" 0 6.62090992269904 11.565592773816 -0.00407892768501404 0 0 1 NA
"221" 0 45.3115274469175 18.2972966886002 -0.000280635547266247 0 0 1 NA
"222" 0 17.1629352307613 26.3999298594515 -0.312939649136483 0 0 1 NA
"223" 0 4.76018026485717 24.3433647029804 -0.380934108607192 0 1 1 NA
"224" 0 9.79942217025635 2.0463126663801 -1.50365247236105 0 0 1 NA
"225" 0 19.7527911840393 4.28592664361968 0.142293147209844 1 0 0 1.29050333523559
"226" 0 12.5334620623743 3.74337151681024 1.10127359286902 0 1 1 NA
"227" 0 15.5527527245133 3.2183434569124 -0.117492848564729 0 1 1 NA
"228" 0 2.58831961207569 3.87978008127956 0.583434287510538 1 1 1 NA
"229" 0 16.73274243935 8.37232682874716 -0.456011396563552 0 0 1 NA
"230" 0 7.8013485093701 4.22703588544021 0.10159400571383 0 1 1 NA
"231" 0 3.14828006595011 1.16642531259463 0.572995900265066 1 1 1 NA
"232" 0 0.425774359241858 4.35834057023109 -1.81106388662551 1 1 1 NA
"233" 0 4.65992341083216 6.53928536834819 -0.213219655201635 0 1 0 1.87491800629209
"234" 0 13.9852327750489 2.17717235428808 0.73324257733816 1 0 1 NA
"235" 0 1.27445383039834 18.2148332309893 -0.582209126218291 1 0 1 NA
"236" 0 26.3947123945638 15.4656319375241 -1.2839032069538 0 1 1 NA
"237" 0 3.3320976017355 9.5596090773963 0.381191935060595 0 0 1 NA
"238" 0 22.706020250595 0.0826141487501896 -0.935945448078248 0 0 0 3.25448870872823
"239" 0 19.9536902689875 0.858432347919825 -0.758671546162439 1 0 1 NA
"240" 0 6.02205340912918 4.62502201839352 0.353859497466868 1 0 0 1.61892161422653
"241" 0 24.5207363168234 7.23412022287732 0.113014889540755 1 0 1 NA
"242" 0 15.0526296274674 7.59871904842973 -2.02372535655728 0 0 0 1.39377960888427
"243" 0 0.936449637340323 5.47390272378316 0.685313365484415 1 0 0 0.849697991751613
"244" 0 11.6501336422819 4.19975634657057 1.51870687357185 0 0 0 1.05608488763691
"245" 0 30.181327085115 9.26149752811709 0.116149426320485 0 1 1 NA
"246" 0 8.06203839345186 7.19954154860771 2.61114957922045 0 1 0 2.07561370461123
"247" 0 10.3749798279003 8.53778432899138 0.579445511405033 0 0 1 NA
"248" 0 1.05525414175513 4.27609510507121 0.362701886607313 1 1 1 NA
"249" 0 5.15829303009743 5.44016412842517 1.12034624116647 1 1 0 0.79781232420696
"250" 0 8.66132610510107 1.35739306224501 0.36192220260329 1 0 0 1.91684459943577
"251" 0 16.5049540622071 5.16696340467157 1.1362255100282 0 0 1 NA
"252" 0 9.05319418439037 0.347960260402242 0.514756774102306 1 0 0 1.40329573187517
"253" 0 4.37613184914068 5.10830335517262 -0.107039194878332 1 1 1 NA
"254" 0 14.1472675905424 15.2260380582125 0.0410568893317844 0 1 1 NA
"255" 0 1.031865917488 0.670625642882849 -0.65771324145716 0 0 1 NA
"256" 0 2.9754763755374 5.82102951052577 1.0999409392738 1 1 1 NA
"257" 0 3.79725805389366 3.81187542133447 -0.106293628563457 1 0 0 1.87109641479402
"258" 0 4.50556725441974 0.390498667948558 -1.93309190773319 1 0 0 3.98214121841119
"259" 0 8.00433825539922 8.72489780432484 -0.32637235584702 0 1 1 NA
"260" 0 7.7515016030656 0.338500191176186 1.17407910944306 1 0 0 0.67161779584841
"261" 0 13.3696284164795 11.7114313621864 -0.493645514672988 1 0 0 1.66444305243813
"262" 0 32.2690017736441 10.5653152554804 -0.76097002903615 0 1 1 NA
"263" 0 3.28703584232129 3.34515022175605 0.62567770715887 0 1 0 0.678679721763442
"264" 0 52.9968095955819 3.79321690344811 0.248943322405752 0 0 0 2.3189433227478
"265" 0 7.94542051324244 0.390071646583973 0.144322937835782 1 1 1 NA
"266" 0 1.11912532448187 1.52395575016115 1.44994043345279 0 1 1 NA
"267" 0 4.76019794376502 4.07553006635522 -0.538167903112322 0 1 1 NA
"268" 0 3.8624679135767 1.23809640780336 -0.235430884239479 1 1 1 NA
"269" 0 5.4725298447807 5.44615828796398 -0.244756454925187 0 0 1 NA
"270" 0 44.3442211029912 14.9872964454652 0.630420799059836 0 0 1 NA
"271" 0 25.6774829350441 22.4037195815523 -0.295102552757025 0 0 1 NA
"272" 0 11.8345256096344 6.11265983795076 1.32028780655368 0 1 1 NA
"273" 0 2.80591124519573 5.57040383601714 1.22876197862719 0 0 1 NA
"274" 0 10.9489721320892 9.15495787143224 -0.294265285188324 0 1 1 NA
"275" 0 7.44207458075125 9.44283662465692 -0.869435307123795 1 0 1 NA
"276" 0 40.4822651438898 0.556161099108446 -1.07360322309189 0 0 0 2.79148340171438
"277" 0 6.73133274535331 8.04155328380873 -1.36742846297245 1 1 0 0.856641004355705
"278" 0 7.17833920542649 1.77398268587857 1.26706131361357 0 0 0 1.31698071537926
"279" 0 20.4060024853117 8.99230064800884 -2.35054084528022 1 1 1 NA
"280" 0 6.65597459821847 21.4164909516236 -0.0979548217609453 0 0 0 1.39237253992504
"281" 0 1.45489761049541 0.620647783138415 1.27740855637927 1 1 1 NA
"282" 0 2.89281629988564 4.51562757494623 0.291079116292557 1 1 1 NA
"283" 0 16.73280285023 1.6352003035898 -1.60993174810454 0 1 1 NA
"284" 0 2.34012149239764 5.95899361562749 0.480604532752101 1 0 1 NA
"285" 0 13.2655333169921 4.56915117837352 -0.071874627385846 1 0 1 NA
"286" 0 10.5304424075602 26.2799805826478 -1.23525792069553 0 0 1 NA
"287" 0 9.73722012040854 0.133996497158602 -0.819485189716846 0 0 1 NA
"288" 0 3.58013146206168 0.319182842774823 -2.5242328818516 1 0 1 NA
"289" 0 0.843685340931127 4.32793599815024 -0.718636812121756 1 1 1 NA
"290" 0 2.00524061842036 0.1518346580956 0.460880943318616 1 1 1 NA
"291" 0 1.64440970514607 16.892859481724 -0.07214729896073 1 0 1 NA
"292" 0 2.42972458920088 1.44072239023534 -1.73247771782597 0 0 1 NA
"293" 0 5.05393212913386 0.317969688345279 -0.321567970923377 1 1 1 NA
"294" 0 3.23339094903801 2.36475138769237 -0.849117273850035 1 1 1 NA
"295" 0 28.9111256141582 0.290508462961617 -0.0530543830016748 0 0 0 4.87349267982311
"296" 0 3.51952425114309 12.6013534617458 0.228178722290826 1 0 1 NA
"297" 0 6.26180484962499 11.5568461516455 0.511896732326746 1 0 0 0.288913777930564
"298" 0 10.3911407619023 0.576792404729023 -0.857417645259705 1 1 1 NA
"299" 0 5.36749917018254 1.91210185905149 -0.169620908342194 1 0 0 4.78031861110694
"300" 0 3.56643476872597 1.28208316475702 0.722822949889754 0 1 1 NA
"301" 0 0.75491525883798 2.61644039764776 -2.87190220760261 1 1 1 NA
"302" 0 21.27392522573 12.7990290246136 0.225277343370073 0 0 0 3.23429868706563
"303" 0 0.390698422374841 13.1678068408898 -0.220331635858047 0 0 1 NA
"304" 0 20.8297299522337 0.750107977819148 -0.357642823686232 0 1 1 NA
"305" 0 1.49039719719389 4.39313043491609 2.05775681071738 1 1 0 0.277619699571221
"306" 0 1.76952860647602 0.295464477374758 1.30200901506112 1 1 1 NA
"307" 0 24.4528254669843 20.0203900115335 -0.920670722572666 0 1 1 NA
"308" 0 7.34913423861892 0.225898391026856 -2.29596955272347 1 0 1 NA
"309" 0 36.2627649044694 0.303830912804015 -0.204277687528954 0 0 1 NA
"310" 0 12.140627053303 1.72735993997137 -0.294041623274621 1 0 1 NA
"311" 0 4.78717250994838 4.27647914468242 -0.300681836116541 1 1 1 NA
"312" 0 8.35565021970361 5.23803622832274 1.30678018909287 0 1 1 NA
"313" 0 11.1769879325904 16.3650244384003 0.152910435649671 0 0 1 NA
"314" 0 17.0715694575521 0.494009066855579 0.658582624329579 0 0 0 1.24949521504814
"315" 0 20.6266023728922 2.32453357033373 0.330635272122755 0 0 1 NA
"316" 0 10.259163540107 0.597792980806121 -0.502418807896696 1 0 1 NA
"317" 0 7.87663004522495 13.5990615536066 -0.606877412331711 0 1 0 4.75992966795353
"318" 0 3.55041786927114 16.1688190564775 1.06832095553085 0 1 0 1.27419160281249
"319" 0 10.9518209401084 0.161148924709365 1.51911833388011 0 1 1 NA
"320" 0 0.937529792382363 17.7889837300584 0.585848830064074 0 0 1 NA
"321" 0 19.500681174918 0.148398497706042 0.171562772111687 0 0 0 3.18081255548226
"322" 0 2.79854255909759 7.7034804608499 -1.19961581490389 1 0 0 0.536045391730363
"323" 0 8.46833350000883 9.66703226050514 0.338085239283799 0 0 1 NA
"324" 0 0.566847757300629 0.278109440031176 0.235995871031286 1 0 1 NA
"325" 0 4.09001170710495 15.8906999178518 -1.13362754604399 1 0 1 NA
"326" 0 12.2101763581656 15.7229135466739 0.074262047312105 0 0 0 1.51276902688569
"327" 0 32.8947331237595 4.12885331990034 -0.73967171171928 0 0 0 0.655352096497727
"328" 0 30.7783145966403 7.43737217703277 0.506629481464782 0 0 1 NA
"329" 0 1.03387320304441 1.99049401122801 -1.95310769264959 1 0 1 NA
"330" 0 3.91126711780604 1.87358480157429 1.01871844506195 1 0 0 1.73159316726155
"331" 0 5.57114898362573 0.470322701220139 0.786442963094871 1 0 0 1.93732145916876
"332" 0 10.8804486756493 9.24076108740826 1.20936066180001 0 1 0 2.92299600597463
"333" 0 12.6709283248026 11.9015445714034 0.403897710515963 0 0 0 3.30838401698894
"334" 0 14.3177891751198 17.3587487620348 -0.796803950537787 0 0 0 3.9355072170171
"335" 0 4.93518710047945 0.526190669398975 1.46798325411152 0 1 0 2.47519400867581
"336" 0 10.5392835513421 6.80581878732825 0.00434319978095124 0 0 0 0.832415220673456
"337" 0 17.6357296209983 7.46197664095241 0.51065804894525 0 0 1 NA
"338" 0 2.33462805912332 0.704137060024201 -0.246537905599116 0 1 0 1.60116769043867
"339" 0 0.726377348348448 5.54267031203594 -1.3875628425907 1 1 1 NA
"340" 0 3.38973957583339 6.3555669402894 0.440611654178902 0 1 0 3.10817845736691
"341" 0 13.2134409839198 4.33534101993563 -1.66629090852634 1 0 1 NA
"342" 0 9.21097216319022 2.27737009491811 0.423485187807053 1 1 1 NA
"343" 0 3.97477237602407 0.77171296887048 1.20107039010433 1 0 0 2.00730484068305
"344" 0 7.98081584142024 14.8595380431822 -1.5456636882387 0 0 1 NA
"345" 0 0.284196186262056 8.57117548289697 0.856117552099248 0 1 1 NA
"346" 0 14.9837317538891 3.18368117231954 0.323615116495402 1 0 1 NA
"347" 0 10.5770144757464 28.5127757402538 -1.70787924869052 0 1 1 NA
"348" 0 2.68283700099427 6.51015427386027 2.14041137194431 0 0 1 NA
"349" 0 6.70421164335932 13.7194859090307 0.319452406816031 0 0 1 NA
"350" 0 13.7935574078323 3.09418419517378 0.387252240274207 1 1 1 NA
"351" 0 7.82203311818709 4.75693547829395 0.466349153191969 1 0 0 0.784977667454254
"352" 0 21.2116047359052 2.79850099293024 -1.5422998922416 1 1 1 NA
"353" 0 13.3791745029998 1.32599641763694 -0.564911550065788 0 0 1 NA
"354" 0 1.34781190938492 16.0962755159203 -1.69190479855671 1 0 1 NA
"355" 0 12.1122795633048 5.23826660952169 -0.219263513885745 1 0 0 1.77168064999306
"356" 0 2.26853181188947 0.911695742776272 1.18615728219045 0 1 0 0.463492317374758
"357" 0 3.31949059521757 1.71991219854111 0.4280509567145 0 0 1 NA
"358" 0 4.48942403349894 6.48542615255404 -2.46022730254043 1 0 1 NA
"359" 0 13.5842280515792 1.56799213331079 -0.493523219082847 1 0 0 2.75651365211944
"360" 0 14.620100980635 1.33591570583751 -0.569100081644685 0 0 0 2.7395115822205
"361" 0 67.6935663361521 21.4991011425033 -0.874022025474344 0 0 1 NA
"362" 0 2.52700698647639 12.0542329105453 1.12798876041534 0 0 0 1.9912879330381
"363" 0 10.9464383642655 1.15649111739375 0.146212873048464 1 1 0 2.70318196790515
"364" 0 6.10737325715235 2.30281406227976 0.396093506377271 0 1 1 NA
"365" 0 18.8184030297894 67.3800805550846 0.747042272725374 0 0 0 0.145037063235208
"366" 0 23.3508389229695 8.80911286759825 -1.63724486496183 0 1 1 NA
"367" 0 11.4118581999439 6.17318539306035 -0.736275403855691 1 0 1 NA
"368" 0 1.37435031204696 5.64387643906587 -0.590877788272698 1 0 1 NA
"369" 0 24.3270231478564 9.27832828776059 -1.6746747375657 1 0 1 NA
"370" 0 5.04659259909357 4.95778616566784 -1.36829113708066 1 1 1 NA
"371" 0 4.5829161560538 4.83100629762164 -0.697478672481533 1 0 1 NA
"372" 0 7.5821016393191 2.44684990246735 -0.529444788976722 0 0 0 1.45321819513161
"373" 0 5.89297399103433 0.185930494869723 -1.80069817591326 1 0 1 NA
"374" 0 15.6639894978108 4.13049624284566 -0.0186237400355838 0 0 1 NA
"375" 0 5.79043757828983 0.762154625648804 0.692592290332734 1 1 1 NA
"376" 0 3.18084379792274 8.08481071220936 -0.516015635946048 1 1 0 1.91057224421846
"377" 0 2.78982392581789 5.52047211864702 0.379563584584125 1 1 1 NA
"378" 0 1.12852691078457 2.63837476933947 -0.859570967359227 1 0 1 NA
"379" 0 11.1040160317546 30.2974854987717 -1.63551114084317 1 0 1 NA
"380" 0 10.1959412148387 3.73052919984487 1.04663305555195 1 0 1 NA
"381" 0 73.9524742720658 15.0486668177512 -0.910042615603447 0 0 1 NA
"382" 0 11.0408521881921 5.71143413147051 -0.521950938177308 0 0 0 3.13780317104332
"383" 0 4.60431197741917 2.46255938854329 -1.05015467044651 1 1 1 NA
"384" 0 5.3286754187849 9.79460636026836 -0.724553218366152 1 0 1 NA
"385" 0 2.40178498304259 2.10739799535676 1.72988149126825 1 0 0 0.270948171669842
"386" 0 15.1828274684607 4.48842273874242 -0.397740183747165 0 0 1 NA
"387" 0 10.4242983234016 9.06651870294416 -0.085056536924695 1 0 1 NA
"388" 0 20.9425385212722 2.50099171266227 -0.684768510147537 0 1 1 NA
"389" 0 2.0507376504859 1.57038875690989 1.02447197690369 1 1 1 NA
