"Z" "Y1" "Y0" "x1" "x2" "x3" "ID" "D"
"1" 1 1.64790953139616 15.6607306307998 -0.668217255381657 0 0 1 NA
"2" 1 11.2860431933154 13.5111735568076 0.149817889592348 1 0 1 NA
"3" 1 12.8514267327183 3.85972352568586 -1.85203416539173 1 0 1 NA
"4" 1 10.9096816768616 0.560850453219147 0.881716049261824 1 1 1 NA
"5" 1 10.2513304270845 19.2036186003644 -0.894469337821065 1 1 1 NA
"6" 1 3.6783089452501 13.2928966633569 0.896516813567193 0 0 0 2.47865934120635
"7" 1 13.5665909568248 18.3029064966051 0.212500166837826 1 0 1 NA
"8" 1 4.3907604442835 6.10030981139847 0.496819714437762 1 0 0 2.1535369903861
"9" 1 4.00208622010935 12.0478125480811 -1.68905529250056 1 0 1 NA
"10" 1 9.91629429005778 0.211952644248598 0.221499153884967 1 0 1 NA
"11" 1 4.301258145866 2.45751594679712 -0.133452557199412 1 1 1 NA
"12" 1 8.59826306315717 7.39126044565413 -0.683877383838303 0 1 0 0.474097065562672
"13" 1 12.0400392928877 1.61782345514284 1.72485456351232 0 1 1 NA
"14" 1 5.03410677906004 11.4095280897556 -0.352126770675663 0 0 0 0.895178050422214
"15" 1 7.05198713751101 38.1390953453696 0.594355818277882 0 0 0 6.37114569357604
"16" 1 24.3676063358149 28.4202841155435 -1.42818141591631 0 0 1 NA
"17" 1 21.2465746886898 4.07660341071123 -0.453718139854757 1 0 0 1.09924851219482
"18" 1 10.7114165478512 8.14854396387647 0.262028736516746 1 0 0 2.22319728304336
"19" 1 2.15759131920406 1.65611606922312 1.11043593794287 1 0 0 1.16824727317197
"20" 1 6.61503260221197 5.34284668434415 -1.41210069576358 1 0 0 3.17092807408644
"21" 1 4.02979053038574 6.17322971432764 0.571945278008259 0 0 0 1.1652701035749
"22" 1 15.0857187218253 0.257017914416265 -0.750559161115766 0 0 1 NA
"23" 1 6.87859961402161 0.456302819648548 2.26886083355708 1 0 1 NA
"24" 1 5.32555037019601 27.4435178294204 -0.555642068869927 1 0 1 NA
"25" 1 31.6695124967838 4.13188441946067 0.479045434372278 0 0 0 1.84700325734153
"26" 1 7.00192022051658 27.4828837925817 1.17240021981744 0 0 0 1.43319338365474
"27" 1 4.46848091823545 5.11990121203212 -1.15478739287175 1 1 1 NA
"28" 1 8.31760996104402 2.55008170809787 0.330312835001809 1 0 1 NA
"29" 1 16.5884117583339 4.90538553665131 -0.0331219257078053 0 0 0 1.1653246743897
"30" 1 3.85608134996514 10.0801229169536 0.426896341824897 0 0 1 NA
"31" 1 8.42492668589216 11.4671543294316 -2.63187303902101 0 0 1 NA
"32" 1 10.5006754701538 3.17766409160671 0.843400263130346 0 0 0 1.2779864866362
"33" 1 6.54113306907221 11.1928143684236 0.213254680851052 0 1 1 NA
"34" 1 6.84473365683455 24.4390163784139 -2.01376920096309 0 0 1 NA
"35" 1 29.3508833062088 1.19875760769262 -1.5513001137879 0 0 1 NA
"36" 1 0.418785495322031 10.8610474389195 0.812458938629218 1 0 1 NA
"37" 1 6.60235242899681 6.78717918818753 0.161571057229753 1 0 1 NA
"38" 1 6.85271797851457 18.1608915762321 -1.24555152333618 0 0 1 NA
"39" 1 4.016672364963 2.81529694299924 0.505244155581623 1 0 1 NA
"40" 1 28.6584692910224 0.393118491550622 -0.981956403487394 0 1 1 NA
"41" 1 16.5614910103296 13.5360554476534 -0.204026325630404 0 0 0 2.62491040764603
"42" 1 8.96069087577052 10.0568227545324 0.506672533767026 1 0 0 0.134364738408237
"43" 1 25.2968708087124 20.5042162466503 -0.537431286464862 0 1 1 NA
"44" 1 13.799374812792 7.53255176525594 1.9084168310627 0 1 1 NA
"45" 1 11.0310347342246 7.72087402053714 0.40017133256375 1 0 0 1.66952227326672
"46" 1 1.17941639019808 1.41078747031848 -0.490134868942564 1 0 1 NA
"47" 1 16.0033751432658 12.1462253022321 2.31505783660816 0 1 0 2.39752780047726
"48" 1 0.0203128484988793 5.22348804721582 -0.425558237158211 1 1 1 NA
"49" 1 6.39241714899757 10.4718726810234 -0.583424678735882 1 1 1 NA
"50" 1 8.03617333663627 12.0122275860486 -0.300906920942923 0 0 1 NA
"51" 1 18.9345852290453 36.5469205434497 0.0973004415213952 0 1 0 0.632033323311276
"52" 1 6.05882145193354 6.09942827873788 0.250741281061134 0 0 0 4.09145195898487
"53" 1 23.1888831546474 6.89516447840861 -2.12581631863567 0 0 1 NA
"54" 1 2.81726581117692 16.6420910063905 -0.960198532593213 0 0 1 NA
"55" 1 7.06614984288507 6.74493961623371 0.386335341960709 1 0 0 6.23527968767875
"56" 1 1.35998073435603 11.3490425487005 1.44121118546402 0 0 1 NA
"57" 1 2.1209026044446 0.293202944684247 0.636096564016169 1 0 1 NA
"58" 1 3.23040565636991 1.40460353374362 1.69052989710445 0 1 1 NA
"59" 1 7.56050439512597 9.64537788564858 0.086197210204801 1 0 0 2.4187679256086
"60" 1 2.31060251118271 7.57706045139448 -0.0216065597105375 0 1 1 NA
"61" 1 51.1215227742912 41.8995054795341 -1.33594244997597 0 0 1 NA
"62" 1 10.0292605358418 9.247028831474 0.0984612860630415 0 0 0 1.58276447240517
"63" 1 26.3013126816693 17.4797934510927 -1.03634116786879 0 1 1 NA
"64" 1 6.93601191483256 1.06307569492982 0.95761214554173 0 1 1 NA
"65" 1 6.97007228210132 3.37154328405808 1.20599611296902 1 0 1 NA
"66" 1 2.27172645331122 1.67897784957913 1.02990499176029 0 0 0 1.20843486969587
"67" 1 1.954224266171 33.0160764901965 -0.635468251680452 0 0 1 NA
"68" 1 5.56499819792328 13.5880231904025 0.808068385760322 0 0 1 NA
"69" 1 6.58502501259786 2.24106292633179 1.09800572320504 1 1 0 1.25804428898835
"70" 1 1.22708513586823 1.88642735547178 0.952144200902867 1 1 1 NA
"71" 1 0.294084285466372 1.81941730333549 0.493957387000954 1 0 1 NA
"72" 1 12.4827063196536 13.9898981257574 2.00617022415336 1 0 0 0.15341376553569
"73" 1 1.5460244339169 2.97705719193074 1.74723123425103 0 0 0 1.47093097602109
"74" 1 0.273333935181024 4.96433853684345 -1.59941824042575 0 0 1 NA
"75" 1 0.720506442087718 3.31897616193741 0.116870898517681 1 0 1 NA
"76" 1 1.54582715720177 0.0254521139214317 -0.809454435966016 1 1 1 NA
"77" 1 28.762399168858 25.7369564630156 -1.8672097400568 0 0 1 NA
"78" 1 11.3002034925101 12.8426441894177 0.128457980717887 1 0 1 NA
"79" 1 21.682921343758 26.6344896372077 -1.17344862998742 0 1 1 NA
"80" 1 6.04134139888835 0.68745897105866 -0.0701979283420947 0 0 1 NA
"81" 1 6.33907301036207 7.9009396599659 0.57996141115402 0 0 1 NA
"82" 1 0.37953510684828 1.88565151324675 -0.0976663990003922 1 0 1 NA
"83" 1 5.39672165062968 31.6470609619898 -0.944904202086027 0 1 1 NA
"84" 1 11.0715170662537 24.8310764847938 -1.5184861299777 0 0 1 NA
"85" 1 0.278527935583258 7.322366290001 0.977714227652573 1 1 1 NA
"86" 1 37.0429122264855 17.1110858163345 0.275851444246095 0 0 0 0.666914067518271
"87" 1 4.46379195522001 7.02479613404725 0.399068527706794 0 0 1 NA
"88" 1 7.30830889082272 5.73300047318925 0.759812484389348 0 1 0 3.32088299385515
"89" 1 15.476358632203 13.9449028387262 1.14620509793275 1 0 1 NA
"90" 1 12.1672930002057 15.0396965324621 -1.6321822677663 1 0 0 1.52691954056437
"91" 1 5.64080696165702 3.28821795882134 -0.267811361356876 1 0 1 NA
"92" 1 7.74652673037242 11.2645038217123 1.99929400443649 0 0 1 NA
"93" 1 5.4609855269696 16.0892357277643 1.45000096195639 0 0 0 1.79805358781402
"94" 1 7.17473901618831 3.40393234113394 0.521185425012139 0 0 0 3.34635190339013
"95" 1 19.4418387368767 6.84056734124384 0.513466639341186 1 0 0 1.97448272155589
"96" 1 34.9820705264438 3.01642369798542 2.12064664244544 0 1 1 NA
"97" 1 15.8170896400276 17.6407970635134 0.179355725404609 0 0 1 NA
"98" 1 9.76534150377605 6.69391181072041 1.25338731725189 1 0 1 NA
"99" 1 6.16149063825576 5.17394525864084 1.48483719266676 1 0 0 2.91605126251453
"100" 1 5.9821108363412 9.4180406038549 -0.75739191917511 0 1 1 NA
"101" 1 4.04985883221362 3.8595719504068 0.466465620564432 1 0 0 1.10044621657737
"102" 1 6.41044073172196 1.50391935678551 -0.694668995091923 0 1 0 1.37885058464464
"103" 1 0.600638411301633 1.21730347354646 -0.691055893341171 0 1 1 NA
"104" 1 0.890715334118371 20.8732688603272 1.3175265670197 0 1 1 NA
"105" 1 4.95666883396243 11.4701865983539 0.882564620678651 1 0 0 1.60118106311178
"106" 1 4.03738236490308 2.78421148610346 -0.177913267446992 1 0 0 1.96055894448236
"107" 1 7.73113504612449 16.0160642789749 0.376517550706328 0 0 1 NA
"108" 1 3.5136638936196 14.558321231245 2.30041494843238 0 1 0 0.370482802596714
"109" 1 1.63652680929476 3.76348900174949 0.57067111561108 1 1 1 NA
"110" 1 6.56228800298549 0.641156645110847 1.2107104765936 1 0 1 NA
"111" 1 56.6332557128187 15.8892451275258 -0.0373509762651625 0 0 0 0.375976473086405
"112" 1 1.27889632208426 2.78342880961028 1.56887755425479 0 1 0 0.935959257151624
"113" 1 19.0567112758353 21.0816760137446 -1.65614797778707 0 0 0 6.30197822920536
"114" 1 3.13342483209717 3.92364480873609 0.666812418153906 0 0 0 2.15857153593236
"115" 1 12.3857801772429 20.3270038341484 -1.66889981674183 1 0 1 NA
"116" 1 1.35095420449462 0.666809553072301 1.75577346615402 1 1 0 0.542573481323654
"117" 1 6.33907347277859 2.99027082563494 0.538295336659853 1 1 1 NA
"118" 1 10.982142522503 12.5327988622281 0.717638591969312 0 1 1 NA
"119" 1 9.66655119383464 1.85634258934881 -0.294022140892075 0 0 1 NA
"120" 1 2.23704402755181 0.947615611329439 0.765605579237812 1 0 1 NA
"121" 1 29.3468514280802 0.14688452184129 0.410603270293487 1 0 1 NA
"122" 1 0.948619213671758 1.16090158252695 -1.00593043365956 1 1 1 NA
"123" 1 5.58770583839729 3.20941341367867 -1.14095751575347 0 0 1 NA
"124" 1 6.77757224638961 0.145770837884694 -0.264255172249874 0 0 1 NA
"125" 1 6.6118206465507 10.6504404701035 2.62415112409433 1 0 0 1.41046433507369
"126" 1 7.85362414970038 0.96249032611431 -1.5333734340589 0 0 1 NA
"127" 1 6.85768566246114 1.59366067559515 0.31927967581291 0 1 1 NA
"128" 1 4.90970609572473 21.0096673732488 -0.101599798859606 0 0 0 1.66754620161387
"129" 1 3.51523940043655 4.22405149317595 0.405154814021646 1 0 0 1.82517660326729
"130" 1 1.80614483243964 23.2265229450703 0.636717250426441 1 0 0 1.01426777999101
"131" 1 4.38673222743603 10.2421327525747 0.036193355254688 0 0 1 NA
"132" 1 6.39134625947336 0.557712566547351 1.12768953314652 0 0 1 NA
"133" 1 17.0192416276673 4.98759225658224 0.324418613598772 0 0 0 0.81774497680809
"134" 1 17.9090846482639 1.42963512500865 -1.45658537085765 1 0 1 NA
"135" 1 6.60006615474793 7.53040097981807 -0.675899526471659 0 1 0 3.0817702013437
"136" 1 0.888001324741632 25.9328023059521 -1.15334731260425 1 0 1 NA
"137" 1 2.64690874762333 2.42654550796059 1.50358003796789 1 0 0 1.41800276833178
"138" 1 4.18417323636754 3.3250784772236 1.10087981220969 1 0 1 NA
"139" 1 0.689898152800209 4.33496175715521 -0.156664719653125 1 0 1 NA
"140" 1 1.24133421427939 1.20225858307787 -1.06307816267625 1 1 1 NA
"141" 1 40.1775775179578 13.5771625352861 -0.16698507429587 0 0 1 NA
"142" 1 11.5072162040519 0.720886139448254 -1.59746468832652 1 0 1 NA
"143" 1 9.19549961620396 7.42538695917664 -1.8351926840981 1 1 0 5.22154179042381
"144" 1 55.6620471734823 5.66623947354004 -2.02056917321465 0 0 1 NA
"145" 1 20.082662127469 11.3680093035471 0.127891012436615 0 0 1 NA
"146" 1 7.81320177097165 6.49251071745442 -1.35557626707526 1 1 1 NA
"147" 1 7.32569047759487 7.61336428470993 -0.563997084182496 0 0 1 NA
"148" 1 1.33120919525364 2.91396215211335 0.165770809097793 0 1 0 1.32774193870904
"149" 1 11.7588106469744 3.65904220163669 0.53344732698075 0 0 1 NA
"150" 1 3.72234590499746 3.56986070193542 0.151075169141026 1 0 1 NA
"151" 1 28.2761273035354 0.0860695042494589 -0.401721442004614 0 0 1 NA
"152" 1 1.22084797714247 4.99749309467246 -0.391774179074917 1 0 1 NA
"153" 1 17.356729055116 3.15610112540421 0.414075335681848 1 0 0 2.19428166209943
"154" 1 4.74360268330123 3.38398129405372 -0.744867846366856 0 0 1 NA
"155" 1 0.559602543752257 2.17987806560539 1.71050149262415 1 0 1 NA
"156" 1 7.81636602972929 4.79523099767997 0.0638201183292691 0 0 0 1.4755126516124
"157" 1 12.3487049149093 7.14340380683613 0.255232106627087 0 0 1 NA
"158" 1 5.83994965128553 13.7421621038154 -0.0139520511491083 0 0 0 3.56947522352262
"159" 1 1.99145348938819 1.4609148197898 0.923967326472292 1 0 1 NA
"160" 1 4.40452344342608 4.34529045954257 -0.289848384268847 1 0 1 NA
"161" 1 13.1102260183138 15.9654122631546 0.281453751489386 0 0 1 NA
"162" 1 5.85462020737263 7.18035403040812 0.129264295358228 1 1 0 1.60666624696403
"163" 1 0.0803587018571758 8.0791824434785 -0.675771576530086 0 1 1 NA
"164" 1 6.58467061718015 8.59871569502323 -0.380309361653885 0 0 0 4.12522467595766
"165" 1 1.67693175417153 1.54890325902383 -1.17364434596452 1 0 1 NA
"166" 1 4.4175585059279 5.72722147666255 -0.114992910825126 1 0 1 NA
"167" 1 1.0157945794629 6.36657327306622 -1.22191920939116 1 0 1 NA
"168" 1 10.8364645755181 8.44667696620578 -2.18317552934835 0 0 0 3.71407916407323
"169" 1 7.00762057306128 3.05145640733546 0.559268543748038 0 0 0 1.01124813114687
"170" 1 12.7309458463809 11.461386963633 0.189538063159282 0 1 1 NA
"171" 1 13.6769186212784 4.17209257798734 0.588904494327064 1 0 0 1.52709606301731
"172" 1 3.19951430962739 0.578276061491359 -0.613592023557494 1 1 1 NA
"173" 1 13.4201553767938 6.84599634387 0.398366138908187 1 0 0 3.85325405405032
"174" 1 13.9649063076401 4.12841446994878 0.165913310834898 0 1 1 NA
"175" 1 18.4197489158364 8.29877838689663 -1.97559466127267 0 0 1 NA
"176" 1 5.14615902506607 4.14888066436751 0.344558626620641 1 0 1 NA
"177" 1 22.8297399724913 3.13576852504197 1.86658020979707 0 1 1 NA
"178" 1 2.91107104175869 14.2474787244906 -1.57953517015795 1 1 1 NA
"179" 1 2.95427023240328 1.1356620645323 -0.268566947175245 1 0 1 NA
"180" 1 18.2828712234712 9.69485202152405 -0.417832218385977 0 1 1 NA
"181" 1 15.2528667397443 18.3371557126361 -1.78713829255885 0 0 1 NA
"182" 1 2.96738479209485 8.05844462133195 -0.101009049982478 1 0 0 1.0713027901489
"183" 1 6.70970799771373 9.25773166765656 1.03706664645145 1 0 0 3.18177952895219
"184" 1 4.46765211419601 10.1155252431949 2.16654786788408 0 1 0 0.577128714959988
"185" 1 7.23165838366756 2.72226674073861 1.7118338954027 1 0 0 2.60107442444723
"186" 1 13.4522027139603 11.0200458200506 1.07150183645261 0 0 0 0.687830945001538
"187" 1 7.61648922105415 9.04567474721537 0.18279986514264 0 1 1 NA
"188" 1 2.04787646368354 1.98282731842727 -0.324788107584485 1 0 1 NA
"189" 1 3.23445473975877 9.1338018684909 -0.635410014980975 0 1 1 NA
"190" 1 7.81615965270187 9.62361241209539 -0.718702144528924 1 0 0 4.83749098593564
"191" 1 0.913261691750077 6.53084722622949 0.456157835248064 1 1 1 NA
"192" 1 10.8202834838945 4.10913792008776 0.818135787869813 1 0 1 NA
"193" 1 12.4446750924287 2.85874788320093 0.468205070068933 0 0 1 NA
"194" 1 6.01307547516035 7.80111619278228 0.26700847982395 0 0 0 3.31256629443195
"195" 1 0.0551491052102341 13.5141806258006 -1.34930634995459 0 0 1 NA
"196" 1 11.5391660320858 1.60767297503053 -0.0861526005974186 1 0 1 NA
"197" 1 4.69997442327429 14.7796827423823 -0.457465319366078 0 1 1 NA
"198" 1 2.93779084622184 10.9335291117415 -0.292803199521911 0 1 1 NA
"199" 1 1.27317826848949 22.9221519128385 -0.817004643701353 0 1 1 NA
"200" 1 2.39032177050744 4.39101968137267 -0.508672057678254 0 1 1 NA
"201" 0 14.3822545019521 6.85698444442778 0.118613749144747 1 0 0 0.44469994608529
"202" 0 7.82856652991516 11.2523189490055 -0.386061365717787 0 0 1 NA
"203" 0 3.9812792419771 8.410352834321 0.155491159723975 0 1 0 0.828401038956884
"204" 0 5.457141407513 25.5646686278267 -1.39889576090352 0 1 1 NA
"205" 0 3.37556308085053 4.83077501823669 -0.457831982137293 1 0 1 NA
"206" 0 3.02810019801939 4.56842707636917 1.45406870572293 1 1 0 1.08584949415955
"207" 0 2.06599823308413 14.5527497487462 0.665200595447706 0 1 1 NA
"208" 0 4.81307040943941 9.10062783283325 1.40363110555712 0 0 0 3.37207195094123
"209" 0 34.6737766245807 14.3604866449535 -0.970061970192854 1 0 1 NA
"210" 0 3.47781441383441 29.2238367553666 -0.634690231921123 0 0 1 NA
"211" 0 2.02770343879805 8.67047744686593 1.34743295191206 0 1 0 1.15397907480272
"212" 0 0.771184949779468 2.44247897891059 1.3268603657255 0 1 1 NA
"213" 0 0.933899484637828 15.4395907889046 -0.269829498155317 0 1 1 NA
"214" 0 7.73980474494367 21.3397747589411 0.0736874429983603 0 0 0 2.32833095017598
"215" 0 13.7701883296493 13.7479294783411 -0.144121009087796 0 0 1 NA
"216" 0 1.75783734038204 18.5640378061267 0.885669755702337 0 1 1 NA
"217" 0 11.8390586227124 19.4867139917731 -0.759393115259205 1 0 0 4.99465750113097
"218" 0 18.7329646080175 29.6839749442347 -0.0349966214588575 0 0 1 NA
"219" 0 6.8477167039818 22.967147766236 -0.159004002498369 0 1 0 0.957501721779315
"220" 0 3.67855213021812 9.50041526042558 -0.764163733663926 1 0 1 NA
"221" 0 0.0354743646702692 5.80009566643644 -0.560197254251504 1 1 1 NA
"222" 0 11.6303295933172 16.954222511351 -1.01541548229021 0 1 1 NA
"223" 0 3.78715097975763 6.53574643083812 0.990484688388996 1 0 0 1.64561914488049
"224" 0 6.76052771899403 3.24386922069688 -0.228724839742466 0 1 1 NA
"225" 0 3.79025721863581 1.29351019355419 0.904276035165587 1 0 1 NA
"226" 0 3.2570347484746 15.7529788378828 0.273966763257455 0 1 1 NA
"227" 0 3.83097633063379 5.01166431787324 -0.667312175805303 1 0 1 NA
"228" 0 0.667359822091284 2.14055690000846 0.827648979867232 1 0 1 NA
"229" 0 25.071825713569 2.31697030584478 -0.927745628101796 0 0 1 NA
"230" 0 6.38193365836617 6.93234796692833 -0.0094919026935697 1 1 0 0.75704077761927
"231" 0 2.55632106026115 2.3075997890099 0.547172825725532 1 0 1 NA
"232" 0 67.5962113555399 0.392652591125948 -0.156273419945559 0 0 1 NA
"233" 0 9.46240914543805 0.441001770760663 -0.255867541426906 0 1 1 NA
"234" 0 2.99156291518122 0.92753002541794 1.52916205992069 1 1 1 NA
"235" 0 1.9304500706812 7.9088747667944 0.77484727865807 1 0 1 NA
"236" 0 2.17781885931969 4.84687422103536 -0.461764176962642 0 0 1 NA
"237" 0 6.89945354290895 8.51158760473633 0.353946394488909 0 0 0 1.70408686280114
"238" 0 25.0050980901183 7.28790068313265 0.196132984103561 0 0 1 NA
"239" 0 8.60133999781702 5.4196039728022 -0.899360517435705 0 0 0 3.09810360260026
"240" 0 6.21782729142117 3.40559813632245 0.487835604221868 1 0 1 NA
"241" 0 10.5077164174325 18.8659364787931 -1.40444120237921 1 0 1 NA
"242" 0 2.58322413962164 14.992223380852 0.345154199603577 1 1 1 NA
"243" 0 11.6020709527443 7.33864866687964 -1.01200213921681 0 0 1 NA
"244" 0 3.50162250450788 4.60012464594782 -0.600869167137472 0 0 1 NA
"245" 0 17.9667081343715 2.33079140165567 -1.10202864491349 0 1 1 NA
"246" 0 30.9132719620247 10.0944346901609 -0.258047696667313 0 1 1 NA
"247" 0 6.35398143391441 26.5012459310541 -2.07766008785881 1 1 1 NA
"248" 0 15.2607452363033 8.92618969762105 0.283002504103765 0 0 0 1.95093258045455
"249" 0 0.887273608936656 5.08639454591427 -1.22637983013024 1 0 1 NA
"250" 0 8.57405122820204 4.09310958510481 0.279033677271348 1 0 1 NA
"251" 0 11.8649925141378 10.2168691125651 1.06338425322639 0 0 0 4.65121064031429
"252" 0 1.77568693388595 0.0510374294245274 -0.961301073243866 1 1 1 NA
"253" 0 10.2689366059652 7.54847423836083 -0.463043256121404 1 1 0 1.765558223524
"254" 0 2.13257267310425 32.0767068420282 0.95293198979843 0 0 0 1.92980885508495
"255" 0 8.3229464277936 0.505322248568347 1.39648619316747 1 0 1 NA
"256" 0 7.52334831985427 10.1320434164581 0.138227835873345 0 0 1 NA
"257" 0 2.78787240740831 2.01828754428318 0.907549501871901 1 1 0 1.71116567351804
"258" 0 16.523797951274 11.1928851734085 -0.697113137849207 0 1 1 NA
"259" 0 9.5781646160832 1.54659813067281 -1.08889263593876 1 0 1 NA
"260" 0 1.61915174958055 19.9090340919473 0.716617313978726 1 0 1 NA
"261" 0 13.3079394583076 1.78151033865528 1.01926993223844 0 1 1 NA
"262" 0 8.284894038546 9.77921556567299 0.291815107698998 0 0 0 2.50119220033538
"263" 0 11.0061347356941 3.37733184517598 -0.53362882404387 1 0 1 NA
"264" 0 39.7225009336424 14.6447627586308 -0.320271574100479 0 0 0 4.77275029433641
"265" 0 29.2517180184094 6.36269639437308 -0.41958003304933 0 0 0 1.32387190984845
"266" 0 7.0640181349298 19.2338043224091 0.2271444313067 1 0 1 NA
"267" 0 5.23267363194122 48.6106335342613 0.204893829470994 0 0 1 NA
"268" 0 3.50349867414758 7.48742940880024 1.13378266501199 0 0 0 1.69185142687151
"269" 0 2.67220497080406 4.13743201029415 0.768489022669859 1 1 0 1.76415517105484
"270" 0 2.73064426621475 20.904674284684 0.664112418272991 0 0 1 NA
"271" 0 16.4722328774725 12.358768783754 -2.03758394831459 1 0 1 NA
"272" 0 38.6527132624421 13.743768386631 -1.38751756947146 0 0 1 NA
"273" 0 32.7518228411003 23.0322290767366 0.140228188870216 0 0 1 NA
"274" 0 2.55660071642925 4.24017906315144 0.706132763538786 1 1 0 1.28755038622117
"275" 0 0.456591732124939 3.33585980667579 0.119122110046626 1 0 1 NA
"276" 0 13.4730214566813 19.0707180673857 -0.965642498617898 0 1 1 NA
"277" 0 12.3111938273893 2.16874006913281 1.31145597401585 0 0 0 1.65636254237807
"278" 0 2.97501917074948 12.4435988577325 -0.536067227836978 0 0 0 2.72046558574201
"279" 0 3.08311167739032 3.19266865430974 1.59129422972727 1 0 0 1.91019942153084
"280" 0 7.80056958260934 8.93118313328047 0.265437831830563 0 1 0 1.42728481995471
"281" 0 1.66605724239394 5.43512901260252 1.70680028318136 1 0 1 NA
"282" 0 3.01545085896192 8.6576211526876 0.57136577694038 0 1 0 2.28060904782172
"283" 0 0.823181760708523 15.2738641336343 1.40374845985189 0 0 1 NA
"284" 0 4.26874289399442 4.37181289147938 -0.120109127097156 1 1 0 1.78617858406752
"285" 0 6.95864615280542 3.64069941796878 0.661168129916749 1 1 1 NA
"286" 0 14.5792604066276 28.1364895952318 -0.920366653339878 0 0 1 NA
"287" 0 3.78459031154505 2.88919257188026 0.469745339948465 0 1 0 1.41264932116107
"288" 0 63.7695679544839 5.79700354199736 -1.64197797731634 0 0 1 NA
"289" 0 0.463977435979272 3.96873446770512 -0.728428904322336 1 1 1 NA
"290" 0 13.8529976125732 29.4633898603704 0.191612666563469 0 0 1 NA
"291" 0 7.8928261317747 4.79355554253468 -0.658531962959838 0 1 1 NA
"292" 0 2.80256430288848 8.69826900565174 -1.28115463576825 1 0 1 NA
"293" 0 9.32859555529857 13.1373018923513 -0.904439903739542 0 1 1 NA
"294" 0 8.56748021554329 3.40962041920998 1.17747655611022 0 0 1 NA
"295" 0 19.3828633083321 5.55482272329417 -1.33899304775825 0 0 1 NA
"296" 0 12.9364055121957 0.235494535823185 0.338367713133126 1 0 1 NA
"297" 0 3.72537852540592 8.19160764253723 0.873089308843867 1 0 0 1.12165499721802
"298" 0 13.7256447303975 9.5443531659291 -1.18741104373618 1 1 1 NA
"299" 0 6.40637130083544 2.13492599222275 0.475564698964283 1 0 1 NA
"300" 0 7.05153143549872 9.07585669986727 -1.70998672708264 1 0 1 NA
"301" 0 6.56050400958936 3.33754662897654 0.770496932642857 1 0 1 NA
"302" 0 24.6859205337002 1.66968731483932 -0.750006109036842 0 0 1 NA
"303" 0 38.79755475402 13.5752237848833 1.09012133611473 0 0 1 NA
"304" 0 9.49874468530954 6.9000824462665 0.402222088326508 0 0 1 NA
"305" 0 2.89163416992286 3.93675191379341 -1.33628372732186 1 0 0 1.5945537002312
"306" 0 8.04307255480233 4.09477599503794 -1.93628977575702 1 1 0 2.39828155766192
"307" 0 4.72466470700171 7.24114392735426 0.33364695274976 0 1 1 NA
"308" 0 0.0578676777364722 28.3341186183776 0.383370745411098 0 0 1 NA
"309" 0 11.1766215850059 9.19755970006205 0.0295597425628253 0 0 0 5.26247424555537
"310" 0 4.08571653405725 6.95079076842187 -0.925198506137 1 0 1 NA
"311" 0 15.8395894052141 2.73320529906373 -1.91847030766225 0 0 1 NA
"312" 0 6.06896957512175 1.56306715717035 1.18934223287658 0 1 1 NA
"313" 0 4.10905000887741 4.43565529758081 1.78724578225403 1 0 0 1.77243617802624
"314" 0 10.8889509663171 0.849188777161516 -2.44573752631222 1 0 1 NA
"315" 0 2.03155164872361 4.23321174462464 0.914443836394808 1 0 0 1.86321560513728
"316" 0 0.295456038437076 3.56071836598713 -0.55828264812122 1 1 1 NA
"317" 0 3.31333656208815 2.21801258160051 1.02568957166884 1 1 0 0.846763381236266
"318" 0 13.4168057756276 2.43643756357998 -0.263076986175722 0 0 1 NA
"319" 0 17.3879182626279 2.84179886984649 -0.0511394537790129 1 0 1 NA
"320" 0 10.7894658259001 6.04437844350685 1.10640375983147 0 0 1 NA
"321" 0 3.88963866692085 3.78142240989968 0.519369558172583 0 1 0 1.72649879299667
"322" 0 4.34536866620205 11.2277515131456 -0.414111802838143 1 0 0 3.97240348647102
"323" 0 2.53490474188111 5.9465177875754 1.26903404016023 1 0 0 0.917024102953805
"324" 0 0.110274818144976 1.10754862471008 -0.868813886893651 0 1 1 NA
"325" 0 6.12222525460526 8.28049025626908 0.982896881520371 1 1 0 1.39055342820501
"326" 0 47.2943967761051 9.15542706040625 -1.71232945648362 0 0 0 7.85384424984387
"327" 0 4.25179633001811 8.52775403638869 0.100440720761127 0 1 1 NA
"328" 0 4.1470185377823 4.44528243587016 -0.118163533698207 1 1 1 NA
"329" 0 18.597148786914 4.90978090776957 0.699759242730777 1 1 1 NA
"330" 0 2.11527055146329 0.523421219163338 0.053035729942889 1 1 1 NA
"331" 0 22.6578207772291 0.33298981154786 0.114583542179731 1 1 1 NA
"332" 0 3.19591616684051 14.8819126642596 1.80668712512991 1 0 1 NA
"333" 0 3.23341049791045 12.3858070781316 -0.184362530458216 1 0 0 3.10568143526125
"334" 0 3.67885525890193 2.89611552729593 -0.96481524916199 1 0 0 2.56584096683746
"335" 0 7.34047377854358 1.47775623215688 0.251120498943103 1 1 1 NA
"336" 0 5.55248090451523 7.50517807860644 1.18213893552603 1 0 1 NA
"337" 0 5.57858911386767 6.39432091128128 0.00256503004052357 1 0 0 2.65556097020253
"338" 0 11.0376319234733 16.3151179644751 -1.7363360515039 0 1 1 NA
"339" 0 6.23087990414926 10.8607879154316 0.469920236638011 1 0 1 NA
"340" 0 7.66273198727909 9.72725275363674 -0.425759632312905 1 0 1 NA
"341" 0 2.27596802638544 1.08812402230975 -0.706077110208715 1 0 1 NA
"342" 0 1.21878284905334 14.244299882945 0.371083057882062 1 0 0 0.262617190564345
"343" 0 13.6905518863317 1.7131126454041 -0.638837898924888 1 0 1 NA
"344" 0 4.17967941416873 10.9753479877966 0.514261963326939 0 1 1 NA
"345" 0 2.78101717213848 10.3842955375047 -0.531428873778553 0 0 1 NA
"346" 0 1.38328923616366 7.93083698282851 -0.101830735136535 0 1 0 1.26070734285975
"347" 0 10.7912428789666 10.2446948953134 2.0802993401231 0 0 0 1.45157481402475
"348" 0 5.6415499127751 5.24149573727124 0.351423871729906 0 0 1 NA
"349" 0 21.2500703105106 3.21462334762317 -0.0595372953778857 1 0 0 0.259945591076322
"350" 0 3.57324869566018 6.41756498046517 -0.141257948986672 1 0 1 NA
"351" 0 10.1411500888457 5.95830737315644 -0.741738914200528 1 1 1 NA
"352" 0 11.8062655061126 0.147046699036163 -1.29866491056918 1 1 1 NA
"353" 0 18.7052725564795 1.07904296581243 0.567483736044362 0 1 1 NA
"354" 0 19.6199048931945 14.6659762231504 -0.250639055117272 1 0 1 NA
"355" 0 13.0168602956216 1.8607957610159 -0.333739092150074 1 1 1 NA
"356" 0 26.1139656169797 5.96439825741763 0.0704974195153141 1 0 1 NA
"357" 0 11.3062330890895 2.54124946258273 -0.758346387589212 1 0 1 NA
"358" 0 1.93753137654163 7.98316158990536 1.19722252780348 1 0 0 1.20572558638228
"359" 0 2.30849733569234 1.73699479245472 1.02922251892153 0 0 0 1.60358642736111
"360" 0 2.82006952090642 5.07391280252478 -0.59763079258448 1 0 1 NA
"361" 0 5.96160400100715 3.59176746748495 -0.674538590577423 1 1 0 3.15428494911645
"362" 0 8.92960719733962 24.8843832208073 -2.03243503056155 0 0 0 2.24848303110902
"363" 0 10.8818626673409 1.59384998190618 1.36594698347902 1 0 0 1.59094248694917
"364" 0 2.4573589287762 5.67850807115077 0.803792066932124 1 0 0 2.32310095908361
"365" 0 44.9582746917554 10.8929308340041 -0.144544839142377 0 0 1 NA
"366" 0 6.91105394819217 6.21773574783006 -1.58830659280015 1 0 1 NA
"367" 0 3.05981119314787 15.8800011811795 -0.693305617525231 0 1 1 NA
"368" 0 20.4744489784091 12.9597285211633 -0.594023932977108 0 0 1 NA
"369" 0 8.60509058192463 2.88973704812944 -2.13220076520099 1 0 1 NA
"370" 0 8.79647796381464 8.04916161016682 -0.341633381456307 1 1 1 NA
"371" 0 31.7005596761512 14.7791295516804 1.06776149069209 0 0 0 2.72100974915628
"372" 0 3.63765968377435 2.6534448948774 1.26900362336215 0 1 0 0.284970710327519
"373" 0 12.2844094326273 14.9933947049276 -0.890072924238524 0 1 1 NA
"374" 0 24.7460039602109 1.537326558982 -0.471941323111828 0 0 1 NA
"375" 0 10.7517925777865 4.69441894095161 0.293013381208693 1 1 1 NA
"376" 0 29.4175275002233 5.14115443867457 0.323166330430991 0 0 1 NA
"377" 0 2.73239422758667 2.05138984135638 1.35263083249983 1 1 1 NA
"378" 0 2.79605192984987 4.00394036231245 0.365039830089118 0 0 1 NA
"379" 0 1.04802780977347 1.43331417491333 0.550852263900229 1 1 1 NA
"380" 0 13.4974525898088 1.47918623403476 0.435374946931915 0 0 0 0.801202708305383
"381" 0 5.076320937213 3.15422511081383 -0.203361133754577 1 0 0 1.593888602112
"382" 0 1.04602829598451 6.21936500033909 -2.61754454366905 0 1 1 NA
"383" 0 3.23253457793654 8.10747005363266 1.48557020615454 0 0 0 2.07448288321852
"384" 0 6.31732871012079 0.598922754335562 -0.452866763272321 1 1 1 NA
"385" 0 4.72955036781827 29.5066998773828 -0.906285116432163 1 0 0 1.42973807599069
"386" 0 4.84645308797526 4.94566068327545 -0.511398207473776 1 1 1 NA
"387" 0 6.47456071646549 4.51874749220057 0.680707859865346 0 1 1 NA
"388" 0 3.74856793335233 1.76110602497413 -0.0504254796491511 0 1 1 NA
"389" 0 3.08206082526817 1.91027856819767 0.133526134251155 0 1 0 1.33060254003898
