"Z" "Y1" "Y0" "x1" "x2" "x3" "ID" "D"
"1" 1 6.668746905227 4.18609083562499 -1.11082566610459 0 0 0 2.05025701383933
"2" 1 7.90897419475355 3.79121108490233 -0.45877936946353 0 0 1 NA
"3" 1 1.90963387372264 5.39265863752404 0.000798696334440401 1 0 1 NA
"4" 1 3.96684836332211 15.1979583834502 -0.139001200404973 0 0 1 NA
"5" 1 6.99075606830898 9.77552885532965 0.105259227064539 1 0 1 NA
"6" 1 15.6601044206829 8.21515935140012 -1.07607155750211 1 0 1 NA
"7" 1 3.00996156602878 2.41902385497568 1.23418927953612 0 0 0 0.733491929979117
"8" 1 10.9899372241757 0.876635998292785 0.519764299710409 0 0 0 0.600142891008218
"9" 1 11.9242476842153 39.4123397885654 0.799827753574579 0 0 1 NA
"10" 1 6.1603413962296 4.43879403393136 0.937536305710422 1 0 0 2.12195877399885
"11" 1 6.18531688760481 4.49556607166413 0.28354820706627 0 0 0 2.93399238686666
"12" 1 3.62217541497588 41.4997416950613 0.119482963855986 0 0 1 NA
"13" 1 4.55683954642501 1.34519361520055 1.14646555296673 1 1 1 NA
"14" 1 14.026446958446 5.39519174104608 1.05452319797239 1 1 0 1.27713338484546
"15" 1 7.74327476729441 5.55373176055879 0.164546288366391 0 1 0 2.73779517736875
"16" 1 2.93379648744649 1.49270509599384 0.353588137850066 1 1 1 NA
"17" 1 15.1778198998358 26.6809220041766 -0.549882031195974 0 0 1 NA
"18" 1 4.09238976148837 30.3680088419654 0.0446837888718412 0 0 1 NA
"19" 1 4.00022706766197 12.6713693427883 -0.370954542812488 1 1 1 NA
"20" 1 3.6755821502828 4.54850734701096 -0.455056893171155 0 1 0 1.43258392155704
"21" 1 29.0988917515685 8.02184940290179 -0.247809864913974 0 0 1 NA
"22" 1 9.9865397709673 12.7181506753766 0.316295156297955 1 0 1 NA
"23" 1 6.03642934893306 1.13669944118623 1.06728101665657 0 1 0 2.17140463711364
"24" 1 40.2124911393666 16.7266665187553 -0.446481449151393 0 1 1 NA
"25" 1 9.650218966405 11.1287510862598 -0.758290610930696 0 0 1 NA
"26" 1 2.68743636300111 19.8764756666142 -0.272480878588656 0 0 1 NA
"27" 1 6.36557960482958 9.14360876316486 0.896398998615377 0 0 0 3.1502607652741
"28" 1 11.9415907926926 17.4839192563985 -1.46467376521827 0 0 1 NA
"29" 1 7.70362073875056 0.430694550306342 -0.721620097366255 1 0 0 4.81630610161867
"30" 1 0.0299804699263811 1.08001239131199 0.291802239876303 1 0 1 NA
"31" 1 3.02271024307736 15.9433037686545 -1.52022891583985 1 0 1 NA
"32" 1 24.653481110977 3.67858502864736 0.177557337633079 1 0 1 NA
"33" 1 22.7557220276211 16.2886589160357 0.890564850197046 1 0 1 NA
"34" 1 7.92570373862963 13.4807049870305 1.00273936875189 0 0 0 1.35810205440851
"35" 1 4.06710300644993 1.44456486864664 1.1796610082781 0 0 1 NA
"36" 1 0.827519611539945 1.62915871305019 1.52540442378225 1 0 1 NA
"37" 1 2.21664266374594 2.09235178627523 0.918653953082643 0 1 1 NA
"38" 1 1.17743049170372 3.39446058442822 -0.726301679349333 1 1 1 NA
"39" 1 17.2833811457093 10.1546500511345 1.62823093907075 1 0 0 0.51807676538075
"40" 1 5.28273469604352 8.15178100255545 -0.584081136822767 0 0 1 NA
"41" 1 4.73949688635698 0.461358741794412 1.08508221399084 0 1 1 NA
"42" 1 23.5073566429381 12.9240833507253 0.919728490538333 0 0 1 NA
"43" 1 1.09784652438801 12.7574357708644 -0.819715545639181 1 0 1 NA
"44" 1 9.22369042987106 12.8793941132232 -0.045570249672421 0 1 1 NA
"45" 1 3.1521921833733 4.40190114205737 0.205136620418099 1 1 1 NA
"46" 1 3.86205429389534 3.29218832153596 2.19553864050436 1 0 0 0.715157999044931
"47" 1 60.7926842048291 26.7650074539536 0.704908975157912 0 0 0 0.206069553061315
"48" 1 5.26338193721385 2.25410393343048 1.13250288883609 1 1 1 NA
"49" 1 6.3929362324342 8.50430127518923 -1.94876840812047 1 0 0 1.53093663109648
"50" 1 15.6513872260161 17.3464833116808 -0.323634126084999 0 0 1 NA
"51" 1 0.0554848729638472 5.79013003831237 -0.265314259536852 0 0 1 NA
"52" 1 16.3550345234981 2.08252668686703 -0.037105226479812 0 0 0 1.80294045005444
"53" 1 1.62757927775649 11.2721811437632 -1.479967060284 0 0 0 0.747583622050052
"54" 1 2.28149441207791 3.74723146810526 -0.315131837206487 1 0 1 NA
"55" 1 9.14447972737163 8.65484833401584 0.665200960057264 1 1 0 1.73434198379166
"56" 1 6.33416170759683 11.6027387301405 1.84521660217263 1 0 1 NA
"57" 1 8.95119753258951 12.2654361337032 -0.44539429773728 1 1 1 NA
"58" 1 0.680426692327056 4.99923751205967 0.993481558526293 1 0 1 NA
"59" 1 7.20382977811848 8.63351913255107 -0.948576138146392 1 1 1 NA
"60" 1 5.83628084597787 11.7964941441495 -0.0456063568658357 0 0 0 1.55813594216494
"61" 1 0.806681028720885 11.4172977273936 2.30749035572807 1 1 0 0.182696264515814
"62" 1 12.0864421418011 5.46139274362777 1.12549497954824 0 0 0 0.191713641877786
"63" 1 23.4662469452641 2.7483292584182 -0.604923737571684 1 0 0 1.65045472664134
"64" 1 5.31522529484831 0.528108073696099 -0.906754612985901 1 1 1 NA
"65" 1 19.3399550296776 10.6802731162595 0.256286771228629 0 0 1 NA
"66" 1 35.9877642846057 10.4159465052957 -1.50300724268679 0 1 1 NA
"67" 1 18.1573290425515 4.95200172485879 0.248605333415343 1 0 1 NA
"68" 1 7.36928759713415 16.1512418503901 0.681737223405179 1 0 1 NA
"69" 1 1.41851978222067 0.354121907857244 2.18978148767963 1 0 0 1.32662822620194
"70" 1 10.8871619152976 1.41410983737673 -1.00049863625286 1 0 1 NA
"71" 1 4.28665472615641 22.5276694175927 0.128742692742779 0 1 1 NA
"72" 1 14.1107904504456 10.2362612222706 1.5419068924884 0 0 0 2.78129859325294
"73" 1 10.0976716494156 13.6584025437665 -0.884340332084062 1 0 1 NA
"74" 1 14.0641433431968 1.29867278168951 0.401912488928665 1 0 0 2.2492497280992
"75" 1 4.15192840560823 3.02230024784163 -1.68644778925365 1 0 1 NA
"76" 1 15.0183030377927 4.93480594544418 -1.11019301900503 1 0 1 NA
"77" 1 2.04549594341842 0.0609498033540178 2.01420296681218 1 0 1 NA
"78" 1 13.7362985943912 0.183773467946022 0.00479028888700108 1 1 0 0.710395353656007
"79" 1 31.2709888496828 10.6978546678567 -0.610684188861615 0 0 1 NA
"80" 1 36.7992799990999 3.45811920631907 -0.891459915591262 0 0 0 3.21003101397746
"81" 1 14.4533055161161 0.098282885066309 -0.740791499210222 1 0 1 NA
"82" 1 12.4085808309461 1.34283411383723 0.712800889318683 1 0 0 1.20654926562076
"83" 1 15.2362363819595 15.1144710224347 0.70025297535365 1 0 0 0.453650367143972
"84" 1 6.92359241296183 3.43806894518772 1.80470881762577 1 0 0 1.26697465438742
"85" 1 5.99113417203692 8.9673331703206 -0.239978515938079 1 1 0 1.30112657371318
"86" 1 15.5386084029383 2.56036378775692 -0.194113670241597 0 1 1 NA
"87" 1 32.7475328039495 5.44941748516384 -0.342590234149867 0 0 0 0.542457816124162
"88" 1 3.82546781918299 1.7739370677592 1.62439879950583 1 1 1 NA
"89" 1 5.56064764631436 6.76702454030257 0.350841377425254 1 0 1 NA
"90" 1 6.94897074196335 1.27611293683114 0.802527972187777 0 0 1 NA
"91" 1 14.1175143716546 2.14368153141333 0.753141541786483 0 0 1 NA
"92" 1 0.407791243303929 12.1593815241002 -0.540721023602997 1 0 1 NA
"93" 1 23.9737460918699 5.98237328357917 -1.15964611552711 1 0 1 NA
"94" 1 5.83804340198882 5.49206602283915 1.19110935611405 1 0 1 NA
"95" 1 11.6040358162835 10.1456440660938 -0.911916729448403 0 1 1 NA
"96" 1 17.25961805954 14.5079424050097 -1.6698925151317 0 0 1 NA
"97" 1 18.574235107453 12.5446071714224 -0.883279981313204 0 0 0 0.648101504431597
"98" 1 1.46478346615011 15.4440544642262 -0.990354352100418 0 1 1 NA
"99" 1 18.3965627763969 25.6995177720426 -0.641854538370209 0 0 1 NA
"100" 1 9.02923161460341 3.78929586803393 0.984995592045076 1 0 0 1.03320394273493
"101" 1 4.94182738106467 11.2623114455023 -1.98112086554153 0 0 1 NA
"102" 1 13.6299087464612 3.86927994447612 0.286961284923296 0 0 0 3.53178582928201
"103" 1 14.4922468090017 3.39448176431598 -0.107151262062928 1 0 1 NA
"104" 1 38.6529035113268 2.37646704652244 0.0549445562534385 0 0 1 NA
"105" 1 6.78138676855709 3.85251491476362 -0.333922038326352 1 1 1 NA
"106" 1 19.2406828781478 7.21263961327612 -1.21170569532984 0 0 0 0.451534713325132
"107" 1 26.5022810531298 2.91948014480404 -1.24192569938023 0 1 1 NA
"108" 1 7.194833974325 12.6155485241523 -1.83308745977424 1 0 0 0.468021486200939
"109" 1 2.55076056056632 10.521326442322 0.686705719474708 1 0 1 NA
"110" 1 14.4160346402231 5.97110077883121 0.462073600102098 1 0 1 NA
"111" 1 4.59344627813252 2.18186303468986 2.06776224849846 1 0 0 1.91016662988931
"112" 1 7.0397085403402 0.584474835786911 -0.298763774129911 1 0 1 NA
"113" 1 7.97718421444191 11.0222185074346 -1.32196491427809 1 0 1 NA
"114" 1 25.8248836800518 18.8456033147399 -0.862963306051358 0 0 0 3.81232266572474
"115" 1 4.53576632667287 4.86264778056688 0.17569651862915 0 0 0 2.77441487468477
"116" 1 13.1303492130042 14.8428475199043 0.11287541578576 0 0 1 NA
"117" 1 2.93309875664077 6.19776728084035 0.884316190317431 1 0 1 NA
"118" 1 4.47530142923438 5.51346275913639 0.16426004124421 1 0 0 1.64314385554115
"119" 1 0.668932804068621 16.1851898094516 0.104780262525788 1 0 1 NA
"120" 1 36.9781466278742 36.5165458312986 -1.21170928156162 1 0 1 NA
"121" 1 5.08355789611077 2.48237153423728 -0.627208214653222 1 0 1 NA
"122" 1 6.22464622879205 27.4084590645744 -2.34488486444373 0 1 1 NA
"123" 1 1.82243475139904 5.59511809208291 3.07363738875155 0 0 0 0.859022782010726
"124" 1 1.39345812778036 1.39940509322139 0.10515837884319 0 1 1 NA
"125" 1 5.62717404969781 0.135690555529929 0.0309600716723969 1 1 0 1.84457794505631
"126" 1 7.22426404719058 3.7060400063079 0.697516219178634 0 0 0 2.28667103528019
"127" 1 4.23322000408233 0.984943230221345 -0.694619221315433 1 0 0 2.04865763320658
"128" 1 4.01014274407362 6.07024533888752 -1.92222229641422 1 1 1 NA
"129" 1 6.09082209696755 6.5190976555128 0.427122088103552 0 1 0 0.393509684499432
"130" 1 40.9158541349657 16.7718579902885 -0.520203925282877 0 0 1 NA
"131" 1 21.9863460533222 34.349333587643 0.696648010739766 0 0 0 0.182780049374824
"132" 1 7.10594122063678 3.53604058461083 -0.0712276929699183 1 0 1 NA
"133" 1 6.4491066014865 14.9337875857517 -0.183628719316975 0 0 1 NA
"134" 1 18.1408408095614 1.78239377606082 -0.499798177639492 1 1 1 NA
"135" 1 1.16154560242879 2.21701254030218 0.352824300709463 1 1 1 NA
"136" 1 26.0370599849539 8.51787786961205 0.807999539431671 0 0 0 1.88283368033065
"137" 1 3.55100177848882 4.6757827035313 -0.104876050153672 1 1 1 NA
"138" 1 3.52804889782981 22.4667843164977 -1.63094515607251 0 0 1 NA
"139" 1 47.2533924149508 8.5845460245916 1.32584518084395 0 0 0 0.706251657862337
"140" 1 14.1913021899239 1.30612971567537 -0.118254061509447 0 0 1 NA
"141" 1 6.63527293181341 0.597382035490176 -1.27508025420486 1 0 0 0.604529878384411
"142" 1 4.02628736351103 10.2506207628282 -0.359158961561573 1 0 0 1.95562810371929
"143" 1 6.27787941941456 7.66328390743446 -1.0162957784383 0 0 0 1.52855207358722
"144" 1 19.9673247230462 19.586958005293 -1.57599862333821 0 0 1 NA
"145" 1 22.0984546370025 18.4276238537313 0.583277168074194 0 0 0 2.26051360613023
"146" 1 1.4890056845659 1.34095137354872 -0.0544091050562715 1 1 1 NA
"147" 1 2.57919634149458 1.36032223582781 0.510322639809547 0 1 1 NA
"148" 1 13.6705472802249 19.031605709792 0.327155600209619 1 0 1 NA
"149" 1 9.12802609067663 5.51775952959113 -0.737615994291082 0 0 0 1.97336040633276
"150" 1 13.2593994485163 14.0351100598921 -0.0767673789496859 0 1 1 NA
"151" 1 7.5404822823131 6.68240310253729 -0.58641656292376 0 0 0 1.14473483673171
"152" 1 0.478120643998747 28.5823738070718 -0.658735092062498 0 1 1 NA
"153" 1 13.0524496826998 12.2708949136718 0.122964242340893 0 1 1 NA
"154" 1 1.78371868271687 6.78575571770984 -0.221952581560368 0 0 1 NA
"155" 1 5.06233112560515 1.9584790324509 0.867558487587829 1 0 1 NA
"156" 1 12.2001641621926 6.4235482079842 1.16358054616638 0 0 1 NA
"157" 1 6.81215832599202 0.439227433200181 0.0662481153952413 1 0 1 NA
"158" 1 2.5853479386427 13.7696781574025 0.631738275824308 1 0 1 NA
"159" 1 15.0862717113248 44.8446543446564 -1.63374404338222 0 0 0 0.387495850442024
"160" 1 6.61332373883731 5.47237260563975 1.99796654972853 1 0 1 NA
"161" 1 22.6446190121904 1.75336436769225 -0.0153412412693937 0 0 1 NA
"162" 1 12.6209263813308 1.12985299259356 0.0390374272339874 1 1 1 NA
"163" 1 19.6693376705074 19.2570140019111 -1.53235686818266 0 0 1 NA
"164" 1 5.28138894293516 7.570827258761 0.435748355089821 1 1 1 NA
"165" 1 9.75255717202282 9.05399442869246 -0.149490816612941 0 0 1 NA
"166" 1 7.74682832068265 6.84926647322062 -0.509053291357975 1 0 1 NA
"167" 1 3.56903479991888 5.33640877200814 0.575364933148308 1 1 1 NA
"168" 1 10.4415495655447 1.44319301643577 -1.20012364603641 1 1 1 NA
"169" 1 9.03955538417706 3.1361989143097 -0.476292038665427 0 0 0 4.26448775447471
"170" 1 2.50326367900794 1.01078828386564 1.4820536393975 1 1 1 NA
"171" 1 4.82998079568687 5.71030654596539 -0.144649008354334 0 1 1 NA
"172" 1 25.1125969048475 23.3066881360575 0.750954724040012 0 0 0 2.56983418755346
"173" 1 8.56317691087906 2.47641572431673 0.523385835620296 0 0 1 NA
"174" 1 17.4557461068954 1.30770320678418 0.5624799112513 1 0 1 NA
"175" 1 17.0378015020633 5.08378168155823 -0.836146368864118 1 0 1 NA
"176" 1 4.00099235051922 0.943837144098921 -0.213689626790076 1 0 1 NA
"177" 1 5.84674101656466 17.4062367543485 0.632407820969273 1 0 1 NA
"178" 1 2.73455399692488 7.46349008823142 0.878840535668585 0 0 1 NA
"179" 1 6.31911250789754 2.91104298734308 0.583717270793933 0 1 1 NA
"180" 1 19.1201507546775 6.17846642168911 -1.15759410751071 1 0 1 NA
"181" 1 11.9879579511799 7.80685646072495 0.708332795711736 0 0 0 1.42494739681433
"182" 1 8.38897813839343 0.388775709697708 0.172873893623312 1 0 0 1.71411903144365
"183" 1 8.86073988198727 6.88282597647578 0.783268329115884 0 0 0 5.09297191086754
"184" 1 8.5725775779112 4.03386630603308 0.107837273470665 1 0 0 1.74918360889623
"185" 1 4.57202471767278 11.0856549339458 1.89490650313622 1 0 1 NA
"186" 1 32.4493215560574 38.2053171248394 -0.094490412514539 0 0 1 NA
"187" 1 10.1794377045252 4.05122425536972 0.39097093599289 1 1 0 1.65071773456084
"188" 1 4.51975150192158 1.38335549141397 -0.0992547022856416 1 1 1 NA
"189" 1 3.77659198154535 2.1079651700972 0.0920304081643926 0 1 0 0.996529362580353
"190" 1 4.15570562046144 3.38013828987355 0.406222433707568 1 0 1 NA
"191" 1 1.46876311856054 3.802087816191 0.0896124571153371 0 0 1 NA
"192" 1 2.46411086502645 3.18336850279852 0.0240696877517437 1 1 1 NA
"193" 1 9.71670087583757 5.66701976977027 0.714083276991945 0 0 0 2.24404388324061
"194" 1 50.7031764027344 34.2324084128458 0.000216413734653402 0 0 1 NA
"195" 1 6.98799533284265 1.77427809945459 -0.395403324090409 1 0 1 NA
"196" 1 10.6982606131146 7.41131697336463 -0.381925761121581 1 0 1 NA
"197" 1 2.08711535968776 1.48505968855803 -0.37898290836855 1 0 1 NA
"198" 1 10.2584989535896 12.4391285452024 1.2292133521634 0 1 1 NA
"199" 1 7.38579221560368 11.3889187341311 -1.1725761887707 1 0 0 1.75831572971882
"200" 1 12.8076421074494 1.29283068512502 -0.710302311684241 1 1 0 5.2203815097654
"201" 0 19.8553271255584 10.098737979397 -1.28591036370195 0 1 1 NA
"202" 0 12.3559312926259 8.13430460775099 1.41586413578713 0 0 1 NA
"203" 0 33.3355717131085 7.47218146233249 0.952346529137934 0 0 1 NA
"204" 0 11.4458989636126 2.02768276644552 -0.97269002929933 0 1 0 3.76264501824158
"205" 0 4.88624067455191 25.381322754142 0.260962408998609 0 0 1 NA
"206" 0 2.85887354955176 0.536166508957431 0.00421253956293395 1 0 0 2.30964331130572
"207" 0 40.3001644007224 8.55552768395347 0.701317225946601 0 0 0 1.56838950154396
"208" 0 6.07603936197338 12.7053996697973 0.948496032611681 0 0 1 NA
"209" 0 3.41575756727754 5.84238830282354 0.910273733324249 1 0 0 1.58821427816336
"210" 0 9.38971942673773 8.80264631139121 2.49976266307663 1 1 0 0.483686787880353
"211" 0 3.48497078556729 4.92210130845814 0.140182192785162 1 1 1 NA
"212" 0 24.1940848307374 33.0867258099475 -1.11541318931464 0 0 1 NA
"213" 0 4.05086469329784 1.39706864123866 -0.0546253967662076 1 0 0 4.01102074986713
"214" 0 4.37406093325355 0.11838049113512 0.816852924665975 1 1 0 1.04441636083441
"215" 0 0.838037773800296 6.26175311038481 1.62829529114392 1 1 1 NA
"216" 0 2.01508857053601 11.7744734500789 0.445277383051315 1 1 0 0.468474046809451
"217" 0 4.35998269021961 2.48217927153059 2.13720241449862 0 0 1 NA
"218" 0 8.4289312727702 9.36280506667143 -0.652924955763151 0 1 1 NA
"219" 0 3.19291396380926 4.13806270929982 -0.956710377563212 0 1 1 NA
"220" 0 6.85186314237716 4.77020023497881 -1.10750408629064 0 1 0 5.57141567047807
"221" 0 9.70882928919939 1.39389714670408 1.92932880445938 1 0 0 1.84589330954901
"222" 0 13.9500673106548 21.7115938657585 -0.7874832430429 0 1 0 0.571196294442492
"223" 0 8.37097857901237 4.15725203074181 -0.646091965856356 1 0 0 3.4373898614053
"224" 0 10.4483060036126 6.65546014303451 0.28453779266899 1 0 1 NA
"225" 0 1.35956185080865 7.97835946797647 -0.729079296457004 0 1 1 NA
"226" 0 6.0635591396927 1.49747942178682 -0.339401240508977 1 0 0 1.68298159823064
"227" 0 3.58786177822691 4.01744517235645 1.70869433209737 0 1 1 NA
"228" 0 25.0457654009457 17.9425310953701 -1.3580399536999 1 0 0 3.50461460442443
"229" 0 6.39313816016683 0.693741123076239 0.687325666040908 1 0 1 NA
"230" 0 3.30771446879414 0.470211566727093 0.100065221335041 1 1 1 NA
"231" 0 11.4988991074841 20.7737769877344 0.742445447188619 0 0 0 1.0529804337067
"232" 0 0.0537353795272139 1.88882867621918 0.92594435636104 0 1 1 NA
"233" 0 14.2233350031756 15.1116842221911 -0.634518377053649 1 1 1 NA
"234" 0 12.0123637256346 5.37813150306445 0.957700395221927 1 0 1 NA
"235" 0 3.00674002377428 4.62296745502715 2.19552462988206 1 0 0 1.92082730849566
"236" 0 2.70085798533785 16.2052488947247 0.127179231779886 1 1 1 NA
"237" 0 2.81329132880146 9.99805968312721 -0.812779320467796 0 1 1 NA
"238" 0 17.1101131288666 3.88140088311376 0.862109106204615 0 1 0 0.449426348425525
"239" 0 34.5926969524644 12.1581299368674 -0.615365374320875 0 0 1 NA
"240" 0 2.20586582991127 6.02889837351237 -0.162021485626238 1 0 1 NA
"241" 0 11.7549830812939 4.13881239112248 1.15149025697277 0 1 0 2.83313445074289
"242" 0 11.8273152072469 11.9790700696217 -0.490037834372055 0 1 1 NA
"243" 0 7.19928993073516 9.41208111233221 0.815073388088832 1 0 0 1.5276607859714
"244" 0 2.03321408358925 2.11110492765614 1.31441190197227 1 1 1 NA
"245" 0 6.01260945827197 3.13226054834404 0.611320756405614 1 0 1 NA
"246" 0 1.19065551642667 10.025496479479 0.085830764398728 1 1 1 NA
"247" 0 20.6606770323773 10.539327121568 -0.294446154052392 0 0 1 NA
"248" 0 2.53682360562731 0.207614737409108 -0.159010987403783 1 1 0 2.34859323106709
"249" 0 10.7078571315466 15.1416239264149 -0.541886218182641 0 0 1 NA
"250" 0 9.80502312412994 1.89938459207263 -0.510196227363076 0 1 1 NA
"251" 0 9.9006069688276 9.66075359086408 -0.604351285035791 1 0 1 NA
"252" 0 11.4197064516829 8.36972282436349 0.287995804451331 0 0 1 NA
"253" 0 3.34461135404565 7.47350780784552 -0.727376160650791 1 1 1 NA
"254" 0 5.98343813777817 6.50695764194727 -0.61638123000331 1 0 0 2.3970983052901
"255" 0 22.480599355877 17.5914349785356 -0.601874820899948 0 0 1 NA
"256" 0 11.9368061076937 0.685225793296064 1.19467125855209 0 1 1 NA
"257" 0 42.6027464725964 2.20867077979706 -0.0582967998506702 0 1 1 NA
"258" 0 3.94623174684854 22.6384373810751 -1.6140166072511 1 0 1 NA
"259" 0 10.0825985019811 5.14800171697997 0.688208744490094 1 0 1 NA
"260" 0 4.85854365816344 14.0097030094843 -1.62326628711354 1 0 1 NA
"261" 0 10.2088569584216 1.60157745796653 -0.0608724536176221 1 1 1 NA
"262" 0 3.22499569832935 6.84135391468591 0.623263307417142 1 1 0 0.63535054577232
"263" 0 19.3867082998498 13.2547056692417 0.0898310782406822 0 0 1 NA
"264" 0 11.0859049457281 3.50749723110175 0.688400752535089 1 0 1 NA
"265" 0 4.8202836795493 1.89991830564188 -0.353343559403057 1 0 1 NA
"266" 0 6.32010280283012 35.1077696593487 -0.564079723958942 0 0 0 4.42571075144604
"267" 0 3.9372956692828 5.89508755243367 -0.842788479167194 0 0 0 3.03173363493574
"268" 0 13.664944798159 0.966474718784507 0.602064977503171 1 0 1 NA
"269" 0 13.0651542795253 1.48221580524956 1.30465558215768 1 0 1 NA
"270" 0 9.1954338511593 2.59091124396156 -0.091460755297083 1 1 0 1.63443279970189
"271" 0 34.6201501729267 9.05038894630272 -2.85590426946734 0 0 1 NA
"272" 0 19.9870414579399 21.2614307349424 1.00808313220441 0 0 1 NA
"273" 0 18.7333003112188 3.41310008328253 -1.81430072889257 1 1 0 1.48201085195661
"274" 0 24.324501072325 4.63662953848442 -2.3022893869767 0 0 1 NA
"275" 0 2.90300539948642 1.55703274965338 -0.141761043288842 1 0 0 1.34413363246098
"276" 0 7.9083856326467 15.0523865397162 0.655980248042836 1 0 1 NA
"277" 0 4.29284090052366 0.68596992851892 -0.492664831603179 0 0 1 NA
"278" 0 9.26193538550358 0.141600819538093 1.21994172869114 1 0 0 3.38297386111048
"279" 0 4.61175709038496 2.65450162180732 0.298775980264138 1 0 1 NA
"280" 0 34.327708792581 11.6302517641876 -0.465800436588215 0 0 1 NA
"281" 0 28.7407281244293 0.0620099980085408 -1.01055852408193 1 0 1 NA
"282" 0 21.6188152552901 3.16536249211327 -0.875747678437231 1 0 1 NA
"283" 0 39.1265104493229 16.2723578567525 -0.671294444596198 0 0 1 NA
"284" 0 3.59431056353143 5.27768277949715 -0.591439657042118 0 0 0 3.07125439146689
"285" 0 0.942335234134814 1.27894076044726 -0.215192059883538 1 0 1 NA
"286" 0 5.3221813016594 0.681008521393508 -0.343705624444274 1 0 1 NA
"287" 0 4.62466138447488 13.8570078772442 0.15079997056432 1 0 1 NA
"288" 0 0.494456531352587 2.28633123686084 1.74931821829018 0 1 1 NA
"289" 0 3.42276130334479 0.23517528856764 -0.442327972566199 1 0 1 NA
"290" 0 26.7272637432412 17.8610648580354 -0.15667446436164 0 0 1 NA
"291" 0 8.03117209821999 0.465064865373871 0.918504421956223 1 0 0 1.54675452769777
"292" 0 13.6918560136483 1.93702525746238 1.03789430746548 1 1 1 NA
"293" 0 4.86606022221371 2.49412694721274 -1.50256976045269 0 0 1 NA
"294" 0 23.2868635713547 1.98848359790914 0.523480256674949 1 0 1 NA
"295" 0 16.5521094427381 17.0898064413323 -0.354423258311559 0 0 1 NA
"296" 0 5.99485514685973 20.3670332700803 -0.417541250651881 0 0 1 NA
"297" 0 17.3167449999276 13.7521430304625 -0.370501657554441 0 1 1 NA
"298" 0 7.52814907489771 6.38374018080033 -0.509428370651991 1 0 1 NA
"299" 0 24.1502577178268 4.28601026024102 1.69211734518791 0 0 1 NA
"300" 0 52.620981846732 29.7631558690938 -1.96112956966137 0 1 1 NA
"301" 0 18.4724946908288 16.0170135297561 -0.131126036448856 0 0 1 NA
"302" 0 1.87308638228226 0.540460519787244 1.73561481366346 0 1 0 1.3781485491958
"303" 0 1.09787844101962 16.6943557935492 2.06034866063167 0 0 0 0.913662330348532
"304" 0 7.49874685641073 3.26019608114427 -1.1392011408607 0 1 1 NA
"305" 0 25.9697754369698 66.0141182531485 -2.68398098257528 0 0 1 NA
"306" 0 0.213261809472707 15.9082229408811 0.36492014898452 0 0 1 NA
"307" 0 40.1072808030955 15.8739664293561 -1.87294221590368 0 0 0 3.23865878396799
"308" 0 2.35589987237775 10.5537998487828 1.55520976960419 0 0 0 1.74345182348625
"309" 0 17.3343504541552 5.8672455217279 -0.425651281020258 0 1 1 NA
"310" 0 14.5779656714105 2.29438927407781 -1.26625615981928 0 1 0 4.49011782682229
"311" 0 7.14676850938356 4.62161021714175 1.03424001646526 1 0 0 0.251733307581948
"312" 0 0.707327355681312 2.65832512512373 0.275676537041153 0 0 1 NA
"313" 0 24.8331361564929 9.80489805070254 0.0110088880344353 0 0 1 NA
"314" 0 7.82452243599802 3.34913099007395 -0.609907860071348 0 1 0 3.57548677419467
"315" 0 20.7011667925149 7.798542833053 0.213896332872055 1 0 1 NA
"316" 0 1.01949361980407 3.33885807500419 -0.683996286017914 0 1 1 NA
"317" 0 27.6281384769413 31.4468857309942 -0.925376290861152 0 0 1 NA
"318" 0 1.13576499719899 4.46130278464253 0.381971759757983 1 0 1 NA
"319" 0 9.73465465513132 7.30533276574872 -0.157520694351435 0 1 0 1.11489615053049
"320" 0 10.3468594799434 23.7645807177276 -0.8346915365973 0 0 1 NA
"321" 0 2.97437076865011 3.18871108935266 0.175609945187066 1 0 1 NA
"322" 0 12.9864395739017 3.82546777677442 -1.47738241053834 1 0 1 NA
"323" 0 17.9314854953159 3.39596522436512 1.33455338951659 0 0 1 NA
"324" 0 28.4157781065236 1.77418889577334 -0.904198475730058 0 0 0 1.3765972960113
"325" 0 10.0326269700324 7.56768514302439 1.76765109933417 0 0 1 NA
"326" 0 4.51166851252271 5.17428019857336 0.823460608146435 0 1 1 NA
"327" 0 29.5171602281355 20.745187141402 -1.15034741613502 1 0 1 NA
"328" 0 45.5682309079188 13.1981461603711 -0.433930869917717 0 0 1 NA
"329" 0 3.75798219374951 6.51701544737878 -0.57833259864009 0 0 1 NA
"330" 0 0.649166153769153 2.8508951726272 0.682175678234406 1 1 1 NA
"331" 0 6.64604605704648 4.22814052968324 -1.28329434447362 0 1 0 5.1475677892655
"332" 0 16.4564904358109 16.4439668972407 -0.758353649599168 0 0 1 NA
"333" 0 7.67406768462632 10.9806321819102 -1.75551567330022 1 0 1 NA
"334" 0 6.86749638495641 23.4378621209557 -1.7914888893325 0 1 1 NA
"335" 0 4.97895279104653 1.205859340561 2.02489854321282 0 1 0 1.04026227796713
"336" 0 9.32373564152394 0.609439298734472 0.643012033841692 1 1 0 3.2515897323736
"337" 0 6.08042992584577 1.67356355336283 1.01930401952687 1 0 1 NA
"338" 0 2.03846651865873 2.42443025928478 0.65944235106854 1 0 1 NA
"339" 0 5.78761046782413 2.17387522084375 0.566421618619958 1 0 1 NA
"340" 0 14.8007767455814 0.926373651147919 -0.239610955127 1 0 1 NA
"341" 0 9.75419784862855 0.0506174494752681 0.847496322682759 1 0 1 NA
"342" 0 2.26087379241292 1.62367600648944 -0.413333828109502 1 1 1 NA
"343" 0 14.5157486013229 8.96462966448433 -1.32888980147236 0 0 0 6.14734966775568
"344" 0 31.125235931847 3.75415977587831 0.148118197665425 0 0 1 NA
"345" 0 16.629894408045 17.6320059124039 0.452457941866195 0 0 1 NA
"346" 0 8.63821904793475 1.34491065614243 1.18620848593001 1 1 0 0.987255018845879
"347" 0 21.972795814826 10.7780465634525 -0.138052391753809 0 0 1 NA
"348" 0 0.053276158167477 8.76323493984047 1.24368850085906 0 0 1 NA
"349" 0 28.0665195809993 29.2993729882599 -0.848216466802495 0 0 1 NA
"350" 0 9.68032738623988 5.04194504631772 0.711059084727191 1 0 1 NA
"351" 0 13.4771566384836 3.77721223056194 0.189399520829288 0 1 0 4.33144750940699
"352" 0 19.9200134743024 1.28245275520979 -0.25341903642555 0 0 1 NA
"353" 0 7.5316127506261 11.3673224857547 -0.152637899156521 0 0 1 NA
"354" 0 8.82868885946815 1.70807431312268 0.0165471184523814 0 1 0 4.00343858847424
"355" 0 3.33185886129416 0.0797069936118896 -0.375419139292711 0 1 0 1.44860295011525
"356" 0 8.97170520156688 7.12449798395723 -0.804646610066885 1 0 1 NA
"357" 0 17.3399861507555 15.8792996060066 -2.03099366158387 0 1 1 NA
"358" 0 19.2181856602725 2.08267958558614 0.986590549315608 1 0 1 NA
"359" 0 1.56169558956055 0.16497532589852 0.677590555177133 1 1 0 1.41228264107656
"360" 0 6.41595272911317 10.0646249982684 -1.20950336955402 0 0 0 3.30863110019171
"361" 0 19.530776334521 6.33597634675442 -0.312524570131887 0 0 0 2.65033528649552
"362" 0 4.37725621372928 23.6403255034509 -0.551202118785191 1 0 1 NA
"363" 0 5.26298230452342 5.42991489534066 0.185660483403174 1 0 0 1.55233316434869
"364" 0 3.88255469796414 18.2385090995319 -2.65087067716165 0 0 1 NA
"365" 0 13.2975717565503 0.695483589132435 0.681859305913865 1 0 0 2.72595029139572
"366" 0 0.0770358494720774 0.253090220161454 0.917343468086124 1 0 1 NA
"367" 0 7.6925263699833 4.62242126870549 -0.0844000324299612 1 0 1 NA
"368" 0 1.45972552565953 11.4142902040704 0.0102145268286714 1 0 1 NA
"369" 0 2.09048191271927 0.431775230250251 -0.659202676926738 1 0 1 NA
"370" 0 24.5434594805776 28.8873805519112 -3.80024811319066 0 0 1 NA
"371" 0 11.2830475845934 2.59517248984477 0.83017698589362 1 1 1 NA
"372" 0 47.643726357596 4.55117842254106 -0.336930545270681 0 0 0 2.02200058310366
"373" 0 13.5788024946967 12.0194409056058 -0.823075077326896 0 1 1 NA
"374" 0 47.6128476830379 6.00939438036485 -0.801710248307247 0 0 1 NA
"375" 0 3.36368262249743 0.812075529004712 -0.144939889733643 0 1 1 NA
"376" 0 8.5774030772769 2.35262381047027 0.788970342839867 0 0 1 NA
"377" 0 4.28750977361398 21.9741159367835 0.0203879742451588 1 0 1 NA
"378" 0 16.2531436288477 6.62920400718355 2.01148369905274 1 0 0 0.208904022699902
"379" 0 3.18511193124838 2.13572549042373 -0.0994592836893572 1 0 0 2.56472605102603
"380" 0 12.1482634554128 1.73744089042098 0.930314288392108 1 0 1 NA
"381" 0 7.0542082069092 1.59033949452856 -0.62866620805951 1 1 1 NA
"382" 0 3.59642010802732 4.30955854084533 0.914635896751836 1 1 1 NA
"383" 0 3.43059908426821 18.4646370499568 -0.534849624100872 1 0 0 1.03987717445462
"384" 0 4.37132793855109 21.7710494852717 1.43368728223852 0 1 0 1.81066487226941
"385" 0 22.5831228730489 1.71835094064134 -0.605015857696955 1 0 1 NA
"386" 0 12.8378700064952 10.4796215130112 0.385515712717952 0 1 1 NA
"387" 0 25.8961069098662 14.5528009262179 -0.310804428729013 0 0 0 3.853055262592
"388" 0 13.3450792152322 6.4183141199549 0.168965470945355 0 0 1 NA
"389" 0 12.6939185568307 15.1463447799215 -0.901240127182271 0 0 0 6.34357885169951
